         1.0000   2.7182818285
         1.1000   3.0041660239
         1.2000   3.3201169227
         1.3000   3.6692966676
         1.4000   4.0551999668
         1.5000   4.4816890703
         1.6000   4.9530324244
         1.7000   5.4739473917
         1.8000   6.0496474644
         1.9000   6.6858944423
         2.0000   7.3890560989
         2.1000   8.1661699126
         2.2000   9.0250134994
         2.3000   9.9741824548
         2.4000  11.0231763806
         2.5000  12.1824939607
         2.6000  13.4637380350
         2.7000  14.8797317249
         2.8000  16.4446467711
         2.9000  18.1741453694
         3.0000  20.0855369232
         3.1000  22.1979512814
         3.2000  24.5325301971
         3.3000  27.1126389207
         3.4000  29.9641000474
         3.5000  33.1154519587
         3.6000  36.5982344437
         3.7000  40.4473043601
         3.8000  44.7011844933
         3.9000  49.4024491055
         4.0000  54.5981500331
         4.1000  60.3402875974
         4.2000  66.6863310409
         4.3000  73.6997936996
         4.4000  81.4508686650
         4.5000  90.0171313005
         4.6000  99.4843156419
         4.7000 109.9471724521
         4.8000 121.5104175187
         4.9000 134.2897796849
         5.0000 148.4131591026
         5.1000 164.0219072999
         5.2000 181.2722418752
         5.3000 200.3368099748
         5.4000 221.4064162042
         5.5000 244.6919322642
         5.6000 270.4264074262
         5.7000 298.8674009671
         5.8000 330.2995599096
         5.9000 365.0374678653
         6.0000 403.4287934927
         6.1000 445.8577700825
         6.2000 492.7490410933
         6.3000 544.5719101259
         6.4000 601.8450378721
         6.5000 665.1416330444
         6.6000 735.0951892420
         6.7000 812.4058251675
         6.8000 897.8472916504
         6.9000 992.2747156050
         7.00001096.6331584284
         7.10001211.9670744926
         7.20001339.4307643944
         7.30001480.2999275845
         7.40001635.9844299959
         7.50001808.0424144560
         7.60001998.1958951041
         7.70002208.3479918872
         7.80002440.6019776245
         7.90002697.2823282685
         8.00002980.9579870417
         8.10003294.4680752838
         8.20003640.9503073323
         8.30004023.8723938223
         8.40004447.0667476998
         8.50004914.7688402991
         8.60005431.6595913629
         8.70006002.9122172609
         8.80006634.2440062778
         8.90007331.9735391559
         9.00008103.0839275753
         9.10008955.2927034824
         9.20009897.1290587438
         9.300010938.0192081650
         9.400012088.3807302168
         9.500013359.7268296617
         9.600014764.7815655770
         9.700016317.6071980152
         9.800018033.7449278282
         9.900019930.3704382299
        10.000022026.4657948063
