         1.0000  17.0000000000
         1.1000  18.5300000000
         1.2000  20.1200000000
         1.3000  21.7700000000
         1.4000  23.4800000000
         1.5000  25.2500000000
         1.6000  27.0800000000
         1.7000  28.9700000000
         1.8000  30.9200000000
         1.9000  32.9300000000
         2.0000  35.0000000000
         2.1000  37.1300000000
         2.2000  39.3200000000
         2.3000  41.5700000000
         2.4000  43.8800000000
         2.5000  46.2500000000
         2.6000  48.6800000000
         2.7000  51.1700000000
         2.8000  53.7200000000
         2.9000  56.3300000000
         3.0000  59.0000000000
         3.1000  61.7300000000
         3.2000  64.5200000000
         3.3000  67.3700000000
         3.4000  70.2800000000
         3.5000  73.2500000000
         3.6000  76.2800000000
         3.7000  79.3700000000
         3.8000  82.5200000000
         3.9000  85.7300000000
         4.0000  89.0000000000
         4.1000  92.3300000000
         4.2000  95.7200000000
         4.3000  99.1700000000
         4.4000 102.6800000000
         4.5000 106.2500000000
         4.6000 109.8800000000
         4.7000 113.5700000000
         4.8000 117.3200000000
         4.9000 121.1300000000
         5.0000 125.0000000000
         5.1000 128.9300000000
         5.2000 132.9200000000
         5.3000 136.9700000000
         5.4000 141.0800000000
         5.5000 145.2500000000
         5.6000 149.4800000000
         5.7000 153.7700000000
         5.8000 158.1200000000
         5.9000 162.5300000000
         6.0000 167.0000000000
         6.1000 171.5300000000
         6.2000 176.1200000000
         6.3000 180.7700000000
         6.4000 185.4800000000
         6.5000 190.2500000000
         6.6000 195.0800000000
         6.7000 199.9700000000
         6.8000 204.9200000000
         6.9000 209.9300000000
         7.0000 215.0000000000
         7.1000 220.1300000000
         7.2000 225.3200000000
         7.3000 230.5700000000
         7.4000 235.8800000000
         7.5000 241.2500000000
         7.6000 246.6800000000
         7.7000 252.1700000000
         7.8000 257.7200000000
         7.9000 263.3300000000
         8.0000 269.0000000000
         8.1000 274.7300000000
         8.2000 280.5200000000
         8.3000 286.3700000000
         8.4000 292.2800000000
         8.5000 298.2500000000
         8.6000 304.2800000000
         8.7000 310.3700000000
         8.8000 316.5200000000
         8.9000 322.7300000000
         9.0000 329.0000000000
         9.1000 335.3300000000
         9.2000 341.7200000000
         9.3000 348.1700000000
         9.4000 354.6800000000
         9.5000 361.2500000000
         9.6000 367.8800000000
         9.7000 374.5700000000
         9.8000 381.3200000000
         9.9000 388.1300000000
        10.0000 395.0000000000
