             x      Linear LP     L_Error(%)   Quadratic LP     Q_Error(%)       Cubic LP     C_Error(%) 
           1.01       0.839851       0.824353       0.846069       0.090085       0.848849       0.238193
           1.02       0.838231       1.628556       0.850584       0.178899       0.856071       0.465121
           1.03       0.836611       2.413162       0.855015       0.266454       0.863139       0.681207
           1.04       0.834991       3.178694       0.859362       0.352719       0.870053       0.886864
           1.05       0.833371       3.925678       0.863627       0.437690       0.876813       1.082456
           1.06       0.831751       4.654581       0.867807       0.521371       0.883420       1.268355
           1.07       0.830131       5.365878       0.871905       0.603727       0.889876       1.444948
           1.08       0.828511       6.060019       0.875918       0.684774       0.896180       1.612548
           1.09       0.826891       6.737435       0.879849       0.764492       0.902333       1.771485
           1.10       0.825271       7.398542       0.883696       0.842881       0.908337       1.922071
           1.11       0.823651       8.043733       0.887459       0.919926       0.914192       2.064649
           1.12       0.822031       8.673405       0.891139       0.995608       0.919898       2.199434
           1.13       0.820411       9.287922       0.894735       1.069954       0.925456       2.326793
           1.14       0.818791       9.887639       0.898248       1.142932       0.930867       2.446925
           1.15       0.817171      10.472905       0.901678       1.214550       0.936132       2.560151
           1.16       0.815551      11.044036       0.905024       1.284790       0.941251       2.666683
           1.17       0.813931      11.601355       0.908287       1.353661       0.946226       2.766776
           1.18       0.812311      12.145162       0.911466       1.421160       0.951056       2.860632
           1.19       0.810691      12.675763       0.914562       1.487268       0.955742       2.948521
           1.20       0.809071      13.193434       0.917574       1.552003       0.960286       3.030628
           1.21       0.807451      13.698448       0.920503       1.615348       0.964687       3.107175
           1.22       0.805831      14.191067       0.923348       1.677288       0.968947       3.178351
           1.23       0.804211      14.671544       0.926110       1.737853       0.973067       3.244389
           1.24       0.802591      15.140122       0.928788       1.797020       0.977046       3.305433
           1.25       0.800971      15.597035       0.931383       1.854777       0.980886       3.361638
           1.26       0.799351      16.042510       0.933895       1.911139       0.984588       3.413255
           1.27       0.797731      16.476762       0.936322       1.966117       0.988151       3.460378
           1.28       0.796111      16.900001       0.938667       2.019674       0.991577       3.503214
           1.29       0.794491      17.312429       0.940928       2.071840       0.994867       3.541940
           1.30       0.792871      17.714240       0.943106       2.122594       0.998021       3.576639
           1.31       0.791251      18.105619       0.945200       2.171955       1.001040       3.607491
           1.32       0.789631      18.486741       0.947211       2.219904       1.003924       3.634649
           1.33       0.788011      18.857790       0.949138       2.266460       1.006675       3.658245
           1.34       0.786391      19.218933       0.950982       2.311591       1.009293       3.678376
           1.35       0.784771      19.570317       0.952742       2.355347       1.011779       3.695244
           1.36       0.783151      19.912101       0.954419       2.397674       1.014133       3.708912
           1.37       0.781531      20.244434       0.956012       2.438619       1.016356       3.719501
           1.38       0.779911      20.567452       0.957522       2.478137       1.018449       3.727165
           1.39       0.778291      20.881301       0.958948       2.516263       1.020412       3.731979
           1.40       0.776671      21.186107       0.960291       2.553005       1.022247       3.734054
           1.41       0.775051      21.481996       0.961551       2.588316       1.023954       3.733532
           1.42       0.773431      21.769087       0.962727       2.622263       1.025533       3.730490
           1.43       0.771811      22.047495       0.963819       2.654794       1.026986       3.725005
           1.44       0.770191      22.317336       0.964829       2.685922       1.028312       3.717160
           1.45       0.768571      22.578704       0.965754       2.715673       1.029514       3.707110
           1.46       0.766951      22.831700       0.966596       2.744043       1.030591       3.694921
           1.47       0.765331      23.076430       0.967355       2.771004       1.031544       3.680668
           1.48       0.763711      23.312981       0.968030       2.796577       1.032374       3.664412
           1.49       0.762091      23.541439       0.968622       2.820780       1.033082       3.646285
           1.50       0.760471      23.761888       0.969130       2.843576       1.033668       3.626354
           1.51       0.758851      23.974406       0.969555       2.865015       1.034133       3.604684
           1.52       0.757231      24.179060       0.969897       2.885068       1.034477       3.581317
           1.53       0.755611      24.375941       0.970155       2.903752       1.034702       3.556383
           1.54       0.753991      24.565095       0.970329       2.921058       1.034808       3.529919
           1.55       0.752371      24.746590       0.970420       2.937005       1.034796       3.501993
           1.56       0.750751      24.920487       0.970428       2.951581       1.034666       3.472660
           1.57       0.749131      25.086838       0.970352       2.964788       1.034420       3.442034
           1.58       0.747511      25.245695       0.970192       2.976659       1.034057       3.410130
           1.59       0.745891      25.397105       0.969949       2.987164       1.033580       3.377032
           1.60       0.744271      25.541111       0.969623       2.996317       1.032987       3.342753
           1.61       0.742651      25.677747       0.969213       3.004129       1.032280       3.307422
           1.62       0.741031      25.807061       0.968720       3.010592       1.031461       3.271073
           1.63       0.739411      25.929085       0.968143       3.015741       1.030529       3.233723
           1.64       0.737791      26.043835       0.967483       3.019520       1.029484       3.195426
           1.65       0.736171      26.151338       0.966740       3.022011       1.028329       3.156269
           1.66       0.734551      26.251627       0.965913       3.023155       1.027063       3.116281
           1.67       0.732931      26.344713       0.965002       3.022986       1.025687       3.075520
           1.68       0.731312      26.430612       0.964008       3.021522       1.024203       3.034023
           1.69       0.729692      26.509334       0.962931       3.018719       1.022610       2.991837
           1.70       0.728072      26.580887       0.961770       3.014639       1.020909       2.949018
           1.71       0.726452      26.645274       0.960525       3.009262       1.019102       2.905612
           1.72       0.724832      26.702496       0.959198       3.002584       1.017188       2.861636
           1.73       0.723212      26.752548       0.957786       2.994647       1.015169       2.817108
           1.74       0.721592      26.795426       0.956291       2.985433       1.013044       2.772118
           1.75       0.719972      26.831116       0.954713       2.974949       1.010816       2.726704
           1.76       0.718352      26.859606       0.953051       2.963203       1.008485       2.680894
           1.77       0.716732      26.880876       0.951306       2.950185       1.006050       2.634677
           1.78       0.715112      26.894906       0.949478       2.935919       1.003514       2.588187
           1.79       0.713492      26.901669       0.947565       2.920444       1.000877       2.541387
           1.80       0.711872      26.901135       0.945570       2.903734       0.998138       2.494299
           1.81       0.710252      26.893272       0.943491       2.885789       0.995300       2.446976
           1.82       0.708632      26.878036       0.941328       2.866631       0.992363       2.399489
           1.83       0.707012      26.855396       0.939082       2.846308       0.989327       2.351838
           1.84       0.705392      26.825309       0.936753       2.824772       0.986194       2.304038
           1.85       0.703772      26.787710       0.934340       2.802054       0.982963       2.256132
           1.86       0.702152      26.742553       0.931844       2.778150       0.979636       2.208144
           1.87       0.700532      26.689772       0.929264       2.753091       0.976213       2.160141
           1.88       0.698912      26.629317       0.926600       2.726907       0.972696       2.112097
           1.89       0.697292      26.561119       0.923854       2.699547       0.969084       2.064063
           1.90       0.695672      26.485095       0.921023       2.671098       0.965378       2.016064
           1.91       0.694052      26.401172       0.918110       2.641550       0.961580       1.968149
           1.92       0.692432      26.309262       0.915113       2.610864       0.957689       1.920291
           1.93       0.690812      26.209291       0.912032       2.579099       0.953707       1.872545
           1.94       0.689192      26.101158       0.908868       2.546275       0.949635       1.824970
           1.95       0.687572      25.984767       0.905620       2.512409       0.945472       1.777528
           1.96       0.685952      25.860013       0.902290       2.477490       0.941220       1.730255
           1.97       0.684332      25.726786       0.898875       2.441572       0.936880       1.683220
           1.98       0.682712      25.584972       0.895377       2.404610       0.932451       1.636403
           1.99       0.681092      25.434448       0.891796       2.366685       0.927935       1.589853
           2.00       0.679472      25.275086       0.888131       2.327803       0.923333       1.543567
           2.01       0.677852      25.106751       0.884382       2.287957       0.918645       1.497566
           2.02       0.676232      24.929302       0.880551       2.247195       0.913872       1.451881
           2.03       0.674612      24.742584       0.876635       2.205503       0.909014       1.406526
           2.04       0.672992      24.546460       0.872637       2.162945       0.904073       1.361555
           2.05       0.671372      24.340746       0.868555       2.119523       0.899048       1.316931
           2.06       0.669752      24.125277       0.864389       2.075247       0.893942       1.272748
           2.07       0.668132      23.899874       0.860140       2.030171       0.888754       1.228945
           2.08       0.666512      23.664347       0.855807       1.984306       0.883485       1.185598
           2.09       0.664892      23.418498       0.851391       1.937694       0.878135       1.142652
           2.10       0.663272      23.162120       0.846892       1.890336       0.872707       1.100228
           2.11       0.661652      22.894990       0.842309       1.842297       0.867199       1.058293
           2.12       0.660032      22.616893       0.837642       1.793567       0.861614       1.016851
           2.13       0.658412      22.327585       0.832893       1.744207       0.855951       0.975937
           2.14       0.656792      22.026816       0.828059       1.694258       0.850211       0.935590
           2.15       0.655172      21.714326       0.823142       1.643735       0.844396       0.895794
           2.16       0.653552      21.389840       0.818142       1.592690       0.838505       0.856576
           2.17       0.651932      21.053074       0.813058       1.541163       0.832540       0.817970
           2.18       0.650312      20.703726       0.807891       1.489174       0.826501       0.779978
           2.19       0.648692      20.341483       0.802640       1.436802       0.820388       0.742607
           2.20       0.647072      19.966016       0.797306       1.384051       0.814203       0.705866
           2.21       0.645452      19.576980       0.791889       1.331011       0.807947       0.669827
           2.22       0.643832      19.174014       0.786388       1.277704       0.801619       0.634472
           2.23       0.642212      18.756740       0.780803       1.224189       0.795222       0.599834
           2.24       0.640592      18.324761       0.775135       1.170531       0.788754       0.565879
           2.25       0.638972      17.877661       0.769384       1.116772       0.782218       0.532688
           2.26       0.637352      17.415003       0.763549       1.063005       0.775613       0.500257
           2.27       0.635732      16.936329       0.757631       1.009255       0.768941       0.468597
           2.28       0.634112      16.441159       0.751629       0.955622       0.762203       0.437720
           2.29       0.632492      15.928988       0.745543       0.902161       0.755398       0.407670
           2.30       0.630872      15.399278       0.739375       0.848933       0.748527       0.378433
           2.31       0.629252      14.851496       0.733122       0.796055       0.741592       0.350056
           2.32       0.627632      14.285024       0.726787       0.743573       0.734593       0.322533
           2.33       0.626012      13.699280       0.720368       0.691589       0.727531       0.295911
           2.34       0.624392      13.093591       0.713865       0.640222       0.720406       0.270193
           2.35       0.622772      12.467283       0.707279       0.589555       0.713219       0.245394
           2.36       0.621152      11.819638       0.700609       0.539648       0.705971       0.221543
           2.37       0.619532      11.149900       0.693856       0.490680       0.698663       0.198663
           2.38       0.617912      10.457271       0.687020       0.442706       0.691295       0.176787
           2.39       0.616292       9.740909       0.680100       0.395909       0.683868       0.155885
           2.40       0.614672       8.999919       0.673097       0.350359       0.676382       0.136043
           2.41       0.613052       8.233378       0.666010       0.306237       0.668839       0.117251
           2.42       0.611432       7.440289       0.658839       0.263680       0.661239       0.099543
           2.43       0.609812       6.619601       0.651586       0.222825       0.653582       0.082938
           2.44       0.608192       5.770207       0.644248       0.183845       0.645871       0.067471
           2.45       0.606572       4.890931       0.636828       0.146922       0.638104       0.053154
           2.46       0.604952       3.980530       0.629323       0.112244       0.630283       0.040034
           2.47       0.603332       3.037682       0.621736       0.079997       0.622409       0.028123
           2.48       0.601712       2.060987       0.614065       0.050381       0.614482       0.017462
           2.49       0.600092       1.048957       0.606310       0.023639       0.606503       0.008077
           2.50       0.598472       0.000009       0.598472       0.000001       0.598472       0.000001
           2.51       0.590175       0.043343       0.590551       0.020276       0.590391       0.006728
           2.52       0.581878       0.077745       0.582546       0.036924       0.582260       0.012084
           2.53       0.573581       0.102975       0.574457       0.049656       0.574080       0.016004
           2.54       0.565284       0.118812       0.566285       0.058152       0.565852       0.018477
           2.55       0.556987       0.124981       0.558030       0.062100       0.557575       0.019438
           2.56       0.548690       0.121197       0.549691       0.061114       0.549252       0.018850
           2.57       0.540393       0.107154       0.541269       0.054845       0.540882       0.016673
           2.58       0.532095       0.082520       0.532763       0.042860       0.532467       0.012845
           2.59       0.523798       0.046936       0.524174       0.024743       0.524006       0.007309
           2.60       0.515501       0.000016       0.515501       0.000004       0.515501       0.000016
           2.61       0.505998       0.179250       0.507094       0.036860       0.506959       0.010380
           2.62       0.496495       0.354530       0.498666       0.081139       0.498376       0.022917
           2.63       0.486992       0.525877       0.490218       0.133082       0.489751       0.037673
           2.64       0.477489       0.693304       0.481750       0.192914       0.481086       0.054731
           2.65       0.467986       0.856848       0.473262       0.260913       0.472381       0.074193
           2.66       0.458483       1.016508       0.464754       0.337400       0.463637       0.096146
           2.67       0.448980       1.172305       0.456226       0.422654       0.454854       0.120685
           2.68       0.439477       1.324254       0.447677       0.517044       0.446034       0.147954
           2.69       0.429974       1.472367       0.439109       0.620978       0.437176       0.178033
           2.70       0.420471       1.616655       0.430521       0.734868       0.428282       0.211100
           2.71       0.410968       1.757129       0.421912       0.859143       0.419352       0.247278
           2.72       0.401465       1.893796       0.413283       0.994343       0.410388       0.286723
           2.73       0.391961       2.026655       0.404634       1.140990       0.401388       0.329629
           2.74       0.382458       2.155731       0.395965       1.299780       0.392355       0.376177
           2.75       0.372955       2.281005       0.387276       1.471309       0.383289       0.426622
           2.76       0.363452       2.402482       0.378567       1.656350       0.374191       0.481116
           2.77       0.353949       2.520159       0.369838       1.855744       0.365060       0.539952
           2.78       0.344446       2.634030       0.361089       2.070409       0.355899       0.603462
           2.79       0.334943       2.744084       0.352319       2.301352       0.346707       0.671885
           2.80       0.325440       2.850309       0.343530       2.549822       0.337486       0.745641
           2.81       0.315937       2.952686       0.334720       2.816993       0.328236       0.825117
           2.82       0.306434       3.051192       0.325890       3.104439       0.318957       0.910756
           2.83       0.296931       3.145799       0.317041       3.413705       0.309650       1.003020
           2.84       0.287428       3.236474       0.308171       3.746722       0.300316       1.102531
           2.85       0.277925       3.323174       0.299281       4.105563       0.290956       1.209966
           2.86       0.268422       3.405849       0.290370       4.492680       0.281571       1.326032
           2.87       0.258919       3.484439       0.281440       4.910869       0.272160       1.451552
           2.88       0.249415       3.558872       0.272490       5.363316       0.262725       1.587520
           2.89       0.239912       3.629057       0.263519       5.853727       0.253266       1.735076
           2.90       0.230409       3.694915       0.254529       6.386524       0.243785       1.895586
           2.91       0.220906       3.756287       0.245518       6.966631       0.234280       2.070505
           2.92       0.211403       3.813058       0.236488       7.600175       0.224755       2.261800
           2.93       0.201900       3.865022       0.227437       8.294364       0.215208       2.471493
           2.94       0.192397       3.911985       0.218366       9.057568       0.205641       2.702282
           2.95       0.182894       3.953669       0.209275       9.900177       0.196054       2.957321
           2.96       0.173391       3.989775       0.200164      10.834890       0.186448       3.240472
           2.97       0.163888       4.019868       0.191033      11.877355       0.176824       3.556384
           2.98       0.154385       4.043488       0.181881      13.046751       0.167183       3.910996
           2.99       0.144882       4.059952       0.172710      14.367695       0.157524       4.311790
           3.00       0.135379       4.068457       0.163518      15.871733       0.147849       4.768408
           3.01       0.125876       4.067928       0.154307      17.599923       0.138159       5.293260
           3.02       0.116373       4.056922       0.145075      19.606815       0.128453       5.902936
           3.03       0.106869       4.033511       0.135823      21.966259       0.118733       6.620012
           3.04       0.097366       3.994989       0.126551      24.781737       0.109000       7.476050
           3.05       0.087863       3.937426       0.117259      28.201612       0.099254       8.515810
           3.06       0.078360       3.855062       0.107947      32.446799       0.089495       9.807014
           3.07       0.068857       3.738740       0.098615      37.862050       0.079725      11.454405
           3.08       0.059354       3.573552       0.089263      45.015552       0.069944      13.630590
           3.09       0.049851       3.332892       0.079890      54.916489       0.060153      16.642992
           3.10       0.040348       2.964643       0.070498      69.544011       0.050352      21.093817
           3.11       0.030845       2.350671       0.061085      93.383794       0.040542      28.347950
           3.12       0.021342       1.154037       0.051652     139.230896       0.030724      42.298984
           3.13       0.011839       2.125127       0.042199     264.025763       0.020898      80.273467
           3.14       0.002336      46.650637       0.032727    1954.790993       0.011066     594.775085
           3.15      -0.007167      14.747432       0.023234     376.353092       0.001227     114.592927
           3.16      -0.016670       9.430653       0.013720     174.542090      -0.008617      53.181970
           3.17      -0.026173       7.851116       0.004187     114.741930      -0.018467      34.985032
           3.18      -0.035677       7.087139      -0.005366      86.024990      -0.028320      26.245684
           3.19      -0.045180       6.631319      -0.014940      69.125615      -0.038177      21.103163
           3.20      -0.054683       6.323747      -0.024533      57.972761      -0.048037      17.708863
           3.21      -0.064186       6.097991      -0.034147      50.044220      -0.057899      15.295825
           3.22      -0.073689       5.921569      -0.043780      44.105657      -0.067762      13.488133
           3.23      -0.083192       5.776607      -0.053434      39.480340      -0.077626      12.080036
           3.24      -0.092695       5.652601      -0.063108      35.766914      -0.087491      10.949311
           3.25      -0.102198       5.542826      -0.072802      32.712230      -0.097355      10.019010
           3.26      -0.111701       5.442888      -0.082516      30.148448      -0.107218       9.238010
           3.27      -0.121204       5.349726      -0.092250      27.960094      -0.117079       8.571167
           3.28      -0.130707       5.261167      -0.102005      26.065124      -0.126937       7.993583
           3.29      -0.140210       5.175633      -0.111779      24.403580      -0.136793       7.486876
           3.30      -0.149713       5.091935      -0.121574      22.930596      -0.146644       7.037566
           3.31      -0.159216       5.009159      -0.131388      21.611879      -0.156491       6.635043
           3.32      -0.168719       4.926615      -0.141223      20.420828      -0.166333       6.271422
           3.33      -0.178223       4.843738      -0.151078      19.336787      -0.176169       5.940258
           3.34      -0.187726       4.760079      -0.160953      18.342892      -0.185998       5.636452
           3.35      -0.197229       4.675283      -0.170848      17.425712      -0.195820       5.355941
           3.36      -0.206732       4.589035      -0.180763      16.574188      -0.205635       5.095361
           3.37      -0.216235       4.501093      -0.190698      15.779243      -0.215440       4.851954
           3.38      -0.225738       4.411250      -0.200653      15.033260      -0.225237       4.623427
           3.39      -0.235241       4.319315      -0.210629      14.329942      -0.235023       4.407790
           3.40      -0.244744       4.225166      -0.220624      13.663841      -0.244799       4.203491
           3.41      -0.254247       4.128641      -0.230640      13.030429      -0.254564       4.009059
           3.42      -0.263750       4.029644      -0.240676      12.425717      -0.264317       3.823334
           3.43      -0.273253       3.928077      -0.250731      11.846418      -0.274057       3.645326
           3.44      -0.282756       3.823829      -0.260807      11.289507      -0.283785       3.474086
           3.45      -0.292259       3.716832      -0.270903      10.752430      -0.293498       3.308885
           3.46      -0.301762       3.607011      -0.281019      10.233003      -0.303196       3.149030
           3.47      -0.311265       3.494294      -0.291156       9.729180      -0.312879       2.993911
           3.48      -0.320769       3.378637      -0.301312       9.239328      -0.322547       2.843023
           3.49      -0.330272       3.259975      -0.311488       8.761775      -0.332197       2.695880
           3.50      -0.339775       3.138257      -0.321685       8.295224      -0.341831       2.552080
           3.51      -0.349278       3.013443      -0.331901       7.838434      -0.351446       2.411264
           3.52      -0.358781       2.885470      -0.342138       7.390269      -0.361043       2.273097
           3.53      -0.368284       2.754303      -0.352395       6.949774      -0.370621       2.137253
           3.54      -0.377787       2.619902      -0.362672       6.516012      -0.380178       2.003484
           3.55      -0.387290       2.482219      -0.372969       6.088208      -0.389715       1.871559
           3.56      -0.396793       2.341231      -0.383286       5.665592      -0.399231       1.741239
           3.57      -0.406296       2.196893      -0.393623       5.247513      -0.408725       1.612336
           3.58      -0.415799       2.049171      -0.403981       4.833332      -0.418196       1.484665
           3.59      -0.425302       1.898034      -0.414358       4.422493      -0.427643       1.358063
           3.60      -0.434805       1.743435      -0.424755       4.014483      -0.437067       1.232368
           3.61      -0.444308       1.585347      -0.435173       3.608831      -0.446466       1.107451
           3.62      -0.453811       1.423736      -0.445611       3.205082      -0.455840       0.983194
           3.63      -0.463315       1.258569      -0.456069       2.802825      -0.465187       0.859462
           3.64      -0.472818       1.089805      -0.466546       2.401687      -0.474508       0.736156
           3.65      -0.482321       0.917425      -0.477044       2.001309      -0.483802       0.613167
           3.66      -0.491824       0.741388      -0.487563       1.601366      -0.493067       0.490404
           3.67      -0.501327       0.561668      -0.498101       1.201549      -0.502304       0.367789
           3.68      -0.510830       0.378219      -0.508659       0.801567      -0.511512       0.245228
           3.69      -0.520333       0.191013      -0.519238       0.401133      -0.520689       0.122665
           3.70      -0.529836       0.000017      -0.529836       0.000006      -0.529836       0.000006
           3.71      -0.528049       1.902558      -0.535905       0.443098      -0.535872       0.449244
           3.72      -0.526262       3.736815      -0.541911       0.874262      -0.541846       0.886277
           3.73      -0.524475       5.506249      -0.547855       1.294026      -0.547757       1.311649
           3.74      -0.522688       7.214106      -0.553734       1.702874      -0.553605       1.725834
           3.75      -0.520901       8.863453      -0.559551       2.101257      -0.559391       2.129309
           3.76      -0.519114      10.457116      -0.565305       2.489588      -0.565114       2.522519
           3.77      -0.517327      11.997781      -0.570996       2.868276      -0.570775       2.905853
           3.78      -0.515540      13.487937      -0.576623       3.237684      -0.576373       3.279713
           3.79      -0.513753      14.929926      -0.582188       3.598181      -0.581908       3.644450
           3.80      -0.511966      16.325942      -0.587689       3.950078      -0.587381       4.000412
           3.81      -0.510179      17.678071      -0.593127       4.293694      -0.592791       4.347909
           3.82      -0.508392      18.988253      -0.598502       4.629314      -0.598139       4.687242
           3.83      -0.506605      20.258321      -0.603814       4.957223      -0.603424       5.018703
           3.84      -0.504818      21.489993      -0.609063       5.277682      -0.608646       5.342552
           3.85      -0.503031      22.684919      -0.614249       5.590928      -0.613806       5.659059
           3.86      -0.501244      23.844621      -0.619372       5.897203      -0.618903       5.968437
           3.87      -0.499457      24.970571      -0.624431       6.196720      -0.623937       6.270939
           3.88      -0.497670      26.064131      -0.629428       6.489706      -0.628909       6.566763
           3.89      -0.495883      27.126613      -0.634361       6.776341      -0.633819       6.856120
           3.90      -0.494096      28.159241      -0.639232       7.056822      -0.638665       7.139205
           3.91      -0.492309      29.163192      -0.644039       7.331320      -0.643449       7.416209
           3.92      -0.490522      30.139561      -0.648783       7.600014      -0.648170       7.687280
           3.93      -0.488735      31.089419      -0.653464       7.863065      -0.652829       7.952620
           3.94      -0.486948      32.013752      -0.658082       8.120628      -0.657425       8.212351
           3.95      -0.485161      32.913516      -0.662637       8.372840      -0.661958       8.466650
           3.96      -0.483374      33.789607      -0.667128       8.619850      -0.666429       8.715659
           3.97      -0.481587      34.642893      -0.671557       8.861783      -0.670837       8.959507
           3.98      -0.479800      35.474182      -0.675923       9.098774      -0.675182       9.198324
           3.99      -0.478014      36.284258      -0.680225       9.330945      -0.679465       9.432234
           4.00      -0.476227      37.073864      -0.684464       9.558404      -0.683685       9.661365
           4.01      -0.474440      37.843708      -0.688640       9.781278      -0.687842       9.885822
           4.02      -0.472653      38.594469      -0.692753       9.999656      -0.691937      10.105713
           4.03      -0.470866      39.326785      -0.696803      10.213642      -0.695969      10.321159
           4.04      -0.469079      40.041280      -0.700790      10.423347      -0.699938      10.532235
           4.05      -0.467292      40.738535      -0.704714      10.628841      -0.703845      10.739059
           4.06      -0.465505      41.419121      -0.708575      10.830238      -0.707689      10.941708
           4.07      -0.463718      42.083564      -0.712372      11.027614      -0.711470      11.140277
           4.08      -0.461931      42.732396      -0.716107      11.221045      -0.715189      11.334843
           4.09      -0.460144      43.366099      -0.719778      11.410617      -0.718845      11.525499
           4.10      -0.458357      43.985153      -0.723386      11.596398      -0.722438      11.712311
           4.11      -0.456570      44.590004      -0.726932      11.778468      -0.725968      11.895365
           4.12      -0.454783      45.181092      -0.730414      11.956898      -0.729436      12.074719
           4.13      -0.452996      45.758829      -0.733833      12.131747      -0.732841      12.250457
           4.14      -0.451209      46.323620      -0.737188      12.303088      -0.736184      12.422629
           4.15      -0.449422      46.875838      -0.740481      12.470981      -0.739463      12.591320
           4.16      -0.447635      47.415862      -0.743711      12.635481      -0.742680      12.756564
           4.17      -0.445848      47.944047      -0.746877      12.796659      -0.745834      12.918447
           4.18      -0.444061      48.460726      -0.749981      12.954550      -0.748926      13.077011
           4.19      -0.442274      48.966231      -0.753021      13.109228      -0.751955      13.232305
           4.20      -0.440487      49.460871      -0.755998      13.260730      -0.754921      13.384401
           4.21      -0.438700      49.944954      -0.758913      13.409114      -0.757824      13.533337
           4.22      -0.436913      50.418763      -0.761764      13.554427      -0.760664      13.679161
           4.23      -0.435126      50.882589      -0.764552      13.696708      -0.763442      13.821927
           4.24      -0.433339      51.336693      -0.767276      13.836011      -0.766157      13.961681
           4.25      -0.431552      51.781342      -0.769938      13.972376      -0.768810      14.098460
           4.26      -0.429765      52.216778      -0.772537      14.105840      -0.771399      14.232312
           4.27      -0.427978      52.643250      -0.775072      14.236449      -0.773926      14.363285
           4.28      -0.426191      53.060984      -0.777545      14.364236      -0.776390      14.491399
           4.29      -0.424404      53.470210      -0.779954      14.489250      -0.778791      14.616712
           4.30      -0.422617      53.871136      -0.782300      14.611517      -0.781130      14.739246
           4.31      -0.420830      54.263978      -0.784583      14.731069      -0.783406      14.859052
           4.32      -0.419043      54.648940      -0.786803      14.847955      -0.785619      14.976157
           4.33      -0.417256      55.026209      -0.788960      14.962194      -0.787769      15.090593
           4.34      -0.415469      55.395978      -0.791054      15.073824      -0.789856      15.202387
           4.35      -0.413682      55.758424      -0.793085      15.182870      -0.791881      15.311583
           4.36      -0.411895      56.113727      -0.795052      15.289367      -0.793843      15.418210
           4.37      -0.410108      56.462048      -0.796957      15.393345      -0.795742      15.522292
           4.38      -0.408321      56.803562      -0.798798      15.494830      -0.797579      15.623849
           4.39      -0.406534      57.138418      -0.800577      15.593838      -0.799352      15.722929
           4.40      -0.404747      57.466775      -0.802292      15.690414      -0.801063      15.819544
           4.41      -0.402960      57.788776      -0.803944      15.784575      -0.802711      15.913721
           4.42      -0.401173      58.104568      -0.805533      15.876341      -0.804296      16.005490
           4.43      -0.399386      58.414285      -0.807059      15.965741      -0.805818      16.094875
           4.44      -0.397599      58.718062      -0.808521      16.052798      -0.807278      16.181893
           4.45      -0.395812      59.016031      -0.809921      16.137528      -0.808675      16.266572
           4.46      -0.394025      59.308316      -0.811258      16.219952      -0.810009      16.348934
           4.47      -0.392238      59.595041      -0.812531      16.300110      -0.811280      16.429000
           4.48      -0.390451      59.876318      -0.813742      16.377998      -0.812488      16.506784
           4.49      -0.388664      60.152266      -0.814889      16.453646      -0.813634      16.582312
           4.50      -0.386877      60.422991      -0.815973      16.527073      -0.814717      16.655608
           4.51      -0.385090      60.688604      -0.816994      16.598293      -0.815736      16.726679
           4.52      -0.383303      60.949203      -0.817952      16.667322      -0.816693      16.795555
           4.53      -0.381516      61.204890      -0.818847      16.734190      -0.817588      16.862241
           4.54      -0.379729      61.455764      -0.819679      16.798908      -0.818419      16.926765
           4.55      -0.377942      61.701921      -0.820447      16.861484      -0.819188      16.989138
           4.56      -0.376155      61.943446      -0.821153      16.921942      -0.819893      17.049381
           4.57      -0.374368      62.180430      -0.821795      16.980289      -0.820536      17.107497
           4.58      -0.372581      62.412962      -0.822375      17.036547      -0.821116      17.163513
           4.59      -0.370794      62.641119      -0.822891      17.090729      -0.821633      17.217442
           4.60      -0.369007      62.864983      -0.823344      17.142843      -0.822088      17.269293
           4.61      -0.367220      63.084633      -0.823734      17.192908      -0.822479      17.319078
           4.62      -0.365433      63.300148      -0.824061      17.240937      -0.822808      17.366816
           4.63      -0.363646      63.511593      -0.824325      17.286942      -0.823073      17.412520
           4.64      -0.361859      63.719047      -0.824526      17.330929      -0.823276      17.456200
           4.65      -0.360072      63.922572      -0.824663      17.372915      -0.823416      17.497863
           4.66      -0.358285      64.122239      -0.824738      17.412906      -0.823493      17.537526
           4.67      -0.356498      64.318109      -0.824749      17.450925      -0.823508      17.575199
           4.68      -0.354711      64.510245      -0.824698      17.486968      -0.823459      17.610886
           4.69      -0.352924      64.698709      -0.824583      17.521047      -0.823347      17.644615
           4.70      -0.351137      64.883562      -0.824405      17.553183      -0.823173      17.676372
           4.71      -0.349350      65.064855      -0.824164      17.583367      -0.822936      17.706183
           4.72      -0.347563      65.242646      -0.823860      17.611627      -0.822636      17.734058
           4.73      -0.345776      65.416990      -0.823493      17.637964      -0.822273      17.759993
           4.74      -0.343989      65.587934      -0.823062      17.662374      -0.821847      17.784002
           4.75      -0.342202      65.755534      -0.822569      17.684885      -0.821358      17.806099
           4.76      -0.340416      65.919827      -0.822013      17.705491      -0.820806      17.826285
           4.77      -0.338629      66.080873      -0.821393      17.724211      -0.820191      17.844568
           4.78      -0.336842      66.238709      -0.820710      17.741041      -0.819514      17.860959
           4.79      -0.335055      66.393382      -0.819964      17.755987      -0.818773      17.875460
           4.80      -0.333268      66.544930      -0.819156      17.769061      -0.817970      17.888083
           4.81      -0.331481      66.693399      -0.818283      17.780271      -0.817104      17.898828
           4.82      -0.329694      66.838822      -0.817348      17.789614      -0.816174      17.907713
           4.83      -0.327907      66.981239      -0.816350      17.797104      -0.815182      17.914724
           4.84      -0.326120      67.120688      -0.815289      17.802745      -0.814127      17.919879
           4.85      -0.324333      67.257205      -0.814165      17.806536      -0.813009      17.923182
           4.86      -0.322546      67.390819      -0.812977      17.808488      -0.811828      17.924645
           4.87      -0.320759      67.521566      -0.811726      17.808612      -0.810584      17.924254
           4.88      -0.318972      67.649478      -0.810413      17.806893      -0.809277      17.922029
           4.89      -0.317185      67.774580      -0.809036      17.803348      -0.807908      17.917971
           4.90      -0.315398      67.896907      -0.807596      17.797986      -0.806475      17.912080
           4.91      -0.313611      68.016477      -0.806093      17.790793      -0.804979      17.904368
           4.92      -0.311824      68.133327      -0.804527      17.781784      -0.803421      17.894819
           4.93      -0.310037      68.247475      -0.802898      17.770961      -0.801799      17.883460
           4.94      -0.308250      68.358948      -0.801205      17.758329      -0.800115      17.870281
           4.95      -0.306463      68.467765      -0.799450      17.743883      -0.798367      17.855279
           4.96      -0.304676      68.573952      -0.797631      17.727632      -0.796557      17.838473
           4.97      -0.302889      68.677521      -0.795750      17.709571      -0.794683      17.819848
           4.98      -0.301102      68.778502      -0.793805      17.689715      -0.792747      17.799424
           4.99      -0.299315      68.876908      -0.791797      17.668053      -0.790747      17.777183
           5.00      -0.297528      68.972749      -0.789726      17.644592      -0.788685      17.753145
           5.01      -0.295741      69.066053      -0.787592      17.619328      -0.786560      17.727292
           5.02      -0.293954      69.156824      -0.785395      17.592268      -0.784371      17.699644
           5.03      -0.292167      69.245083      -0.783135      17.563413      -0.782120      17.670188
           5.04      -0.290380      69.330836      -0.780811      17.532756      -0.779806      17.638932
           5.05      -0.288593      69.414095      -0.778425      17.500311      -0.777429      17.605876
           5.06      -0.286806      69.494875      -0.775975      17.466059      -0.774988      17.571019
           5.07      -0.285019      69.573178      -0.773463      17.430020      -0.772485      17.534360
           5.08      -0.283232      69.649014      -0.770887      17.392179      -0.769919      17.495894
           5.09      -0.281445      69.722393      -0.768248      17.352543      -0.767290      17.455625
           5.10      -0.279658      69.793312      -0.765546      17.311111      -0.764597      17.413560
           5.11      -0.277871      69.861784      -0.762781      17.267876      -0.761842      17.369690
           5.12      -0.276084      69.927799      -0.759953      17.222843      -0.759024      17.324014
           5.13      -0.274297      69.991374      -0.757061      17.176005      -0.756142      17.276538
           5.14      -0.272510      70.052501      -0.754107      17.127373      -0.753198      17.227245
           5.15      -0.270723      70.111175      -0.751090      17.076933      -0.750191      17.176148
           5.16      -0.268936      70.167399      -0.748009      17.024688      -0.747120      17.123238
           5.17      -0.267149      70.221167      -0.744865      16.970631      -0.743987      17.068518
           5.18      -0.265362      70.272477      -0.741658      16.914766      -0.740791      17.011981
           5.19      -0.263575      70.321318      -0.738389      16.857090      -0.737531      16.953628
           5.20      -0.261788      70.367683      -0.735056      16.797594      -0.734209      16.893452
           5.21      -0.260001      70.411566      -0.731659      16.736282      -0.730823      16.831455
           5.22      -0.258214      70.452951      -0.728200      16.673144      -0.727375      16.767635
           5.23      -0.256427      70.491827      -0.724678      16.608191      -0.723863      16.701987
           5.24      -0.254640      70.528184      -0.721093      16.541405      -0.720288      16.634501
           5.25      -0.252853      70.561999      -0.717444      16.472790      -0.716650      16.565180
           5.26      -0.251066      70.593262      -0.713732      16.402341      -0.712950      16.494020
           5.27      -0.249279      70.621945      -0.709958      16.330042      -0.709186      16.421017
           5.28      -0.247492      70.648034      -0.706120      16.255909      -0.705359      16.346165
           5.29      -0.245705      70.671504      -0.702219      16.179930      -0.701469      16.269461
           5.30      -0.243918      70.692330      -0.698255      16.102094      -0.697516      16.190899
           5.31      -0.242131      70.710483      -0.694228      16.022403      -0.693500      16.110482
           5.32      -0.240344      70.725937      -0.690138      15.940845      -0.689421      16.028189
           5.33      -0.238557      70.738660      -0.685984      15.857422      -0.685278      15.944029
           5.34      -0.236770      70.748616      -0.681768      15.772129      -0.681073      15.857991
           5.35      -0.234983      70.755771      -0.677488      15.684960      -0.676804      15.770074
           5.36      -0.233196      70.760087      -0.673146      15.595903      -0.672473      15.680258
           5.37      -0.231409      70.761524      -0.668740      15.504958      -0.668078      15.588560
           5.38      -0.229622      70.760036      -0.664271      15.412119      -0.663621      15.494957
           5.39      -0.227835      70.755575      -0.659739      15.317373      -0.659100      15.399442
           5.40      -0.226048      70.748095      -0.655144      15.220721      -0.654516      15.302018
           5.41      -0.224261      70.737542      -0.650486      15.122156      -0.649869      15.202675
           5.42      -0.222474      70.723858      -0.645765      15.021662      -0.645159      15.101408
           5.43      -0.220687      70.706986      -0.640980      14.919242      -0.640386      14.998200
           5.44      -0.218900      70.686862      -0.636133      14.814887      -0.635549      14.893052
           5.45      -0.217113      70.663418      -0.631222      14.708590      -0.630650      14.785956
           5.46      -0.215326      70.636582      -0.626249      14.600328      -0.625687      14.676903
           5.47      -0.213539      70.606281      -0.621212      14.490123      -0.620662      14.565885
           5.48      -0.211752      70.572433      -0.616112      14.377937      -0.615573      14.452893
           5.49      -0.209965      70.534955      -0.610949      14.263776      -0.610421      14.337918
           5.50      -0.208178      70.493753      -0.605723      14.147631      -0.605206      14.220961
           5.51      -0.206391      70.448737      -0.600434      14.029487      -0.599928      14.101993
           5.52      -0.204605      70.399803      -0.595082      13.909341      -0.594586      13.981024
           5.53      -0.202818      70.346844      -0.589666      13.787185      -0.589182      13.858034
           5.54      -0.201031      70.289743      -0.584188      13.663009      -0.583714      13.733013
           5.55      -0.199244      70.228384      -0.578646      13.536794      -0.578183      13.605960
           5.56      -0.197457      70.162636      -0.573042      13.408539      -0.572590      13.476856
           5.57      -0.195670      70.092363      -0.567374      13.278226      -0.566932      13.345698
           5.58      -0.193883      70.017419      -0.561643      13.145860      -0.561212      13.212466
           5.59      -0.192096      69.937654      -0.555849      13.011415      -0.555429      13.077158
           5.60      -0.190309      69.852899      -0.549992      12.874877      -0.549582      12.939763
           5.61      -0.188522      69.762986      -0.544072      12.736254      -0.543673      12.800259
           5.62      -0.186735      69.667727      -0.538088      12.595507      -0.537700      12.658643
           5.63      -0.184948      69.566922      -0.532042      12.452653      -0.531664      12.514903
           5.64      -0.183161      69.460366      -0.525933      12.307658      -0.525564      12.369027
           5.65      -0.181374      69.347833      -0.519760      12.160532      -0.519402      12.221001
           5.66      -0.179587      69.229082      -0.513524      12.011230      -0.513177      12.070802
           5.67      -0.177800      69.103861      -0.507225      11.859760      -0.506888      11.918435
           5.68      -0.176013      68.971895      -0.500863      11.706120      -0.500536      11.763878
           5.69      -0.174226      68.832892      -0.494439      11.550263      -0.494121      11.607110
           5.70      -0.172439      68.686537      -0.487950      11.392207      -0.487642      11.448127
           5.71      -0.170652      68.532500      -0.481399      11.231922      -0.481101      11.286915
           5.72      -0.168865      68.370415      -0.474785      11.069387      -0.474496      11.123451
           5.73      -0.167078      68.199903      -0.468107      10.904593      -0.467828      10.957725
           5.74      -0.165291      68.020544      -0.461367      10.737540      -0.461097      10.789722
           5.75      -0.163504      67.831891      -0.454563      10.568178      -0.454303      10.619418
           5.76      -0.161717      67.633460      -0.447697      10.396526      -0.447445      10.446809
           5.77      -0.159930      67.424736      -0.440767      10.222543      -0.440525      10.271864
           5.78      -0.158143      67.205151      -0.433774      10.046222      -0.433541      10.094577
           5.79      -0.156356      66.974102      -0.426718       9.867541      -0.426493       9.914923
           5.80      -0.154569      66.730928      -0.419599       9.686486      -0.419383       9.732883
           5.81      -0.152782      66.474908      -0.412416       9.503032      -0.412209       9.548443
           5.82      -0.150995      66.205272      -0.405171       9.317166      -0.404973       9.361583
           5.83      -0.149208      65.921167      -0.397863       9.128853      -0.397673       9.172274
           5.84      -0.147421      65.621671      -0.390491       8.938080      -0.390309       8.980501
           5.85      -0.145634      65.305768      -0.383056       8.744836      -0.382883       8.786242
           5.86      -0.143847      64.972359      -0.375559       8.549087      -0.375393       8.589472
           5.87      -0.142060      64.620222      -0.367998       8.350807      -0.367840       8.390167
           5.88      -0.140273      64.248029      -0.360374       8.149972      -0.360224       8.188300
           5.89      -0.138486      63.854304      -0.352687       7.946562      -0.352544       7.983853
           5.90      -0.136699      63.437416      -0.344937       7.740545      -0.344801       7.776789
           5.91      -0.134912      62.995573      -0.337123       7.531889      -0.336995       7.567079
           5.92      -0.133125      62.526770      -0.329247       7.320573      -0.329126       7.354708
           5.93      -0.131338      62.028775      -0.321308       7.106567      -0.321193       7.139627
           5.94      -0.129551      61.499110      -0.313305       6.889818      -0.313197       6.921800
           5.95      -0.127764      60.934983      -0.305239       6.670308      -0.305138       6.701208
           5.96      -0.125977      60.333256      -0.297111       6.447999      -0.297016       6.477802
           5.97      -0.124190      59.690407      -0.288919       6.222840      -0.288830       6.251541
           5.98      -0.122403      59.002431      -0.280664       5.994778      -0.280581       6.022378
           5.99      -0.120616      58.264779      -0.272346       5.763793      -0.272269       5.790264
           6.00      -0.118829      57.472264      -0.263964       5.529813      -0.263894       5.555166
           6.01      -0.117042      56.618938      -0.255520       5.292781      -0.255455       5.316994
           6.02      -0.115255      55.697948      -0.247013       5.052638      -0.246953       5.075703
           6.03      -0.113468      54.701353      -0.238442       4.809313      -0.238387       4.831223
           6.04      -0.111681      53.619910      -0.229809       4.562722      -0.229759       4.583472
           6.05      -0.109894      52.442793      -0.221112       4.312782      -0.221067       4.332359
           6.06      -0.108107      51.157225      -0.212352       4.059390      -0.212312       4.077783
           6.07      -0.106320      49.748042      -0.203529       3.802430      -0.203493       3.819622
           6.08      -0.104533      48.197082      -0.194643       3.541759      -0.194611       3.557739
           6.09      -0.102746      46.482435      -0.185694       3.277223      -0.185666       3.291986
           6.10      -0.100959      44.577397      -0.176682       3.008634      -0.176657       3.022156
           6.11      -0.099172      42.449105      -0.167607       2.735753      -0.167586       2.748032
           6.12      -0.097385      40.056622      -0.158468       2.458319      -0.158450       2.469325
           6.13      -0.095598      37.348345      -0.149267       2.175967      -0.149252       2.185693
           6.14      -0.093811      34.258228      -0.140002       1.888258      -0.139990       1.896685
           6.15      -0.092024      30.700411      -0.130674       1.594653      -0.130665       1.601756
           6.16      -0.090237      26.561143      -0.121284       1.294393      -0.121277       1.300148
           6.17      -0.088450      21.686481      -0.111830       0.986504      -0.111825       0.990884
           6.18      -0.086663      15.862782      -0.102313       0.669618      -0.102310       0.672591
           6.19      -0.084876       8.784722      -0.092733       0.341809      -0.092731       0.343322
           6.20      -0.083089       0.000228      -0.083089       0.000228      -0.083089       0.000228
           6.21      -0.073099       0.028826      -0.073091       0.039128      -0.073112       0.011076
           6.22      -0.063109       0.054869      -0.063095       0.076085      -0.063130       0.021371
           6.23      -0.053118       0.078820      -0.053101       0.111910      -0.053144       0.031350
           6.24      -0.043128       0.101546      -0.043108       0.148117      -0.043154       0.041420
           6.25      -0.033138       0.124972      -0.033117       0.188094      -0.033162       0.052508
           6.26      -0.023148       0.154292      -0.023127       0.241016      -0.023168       0.067151
           6.27      -0.013157       0.210527      -0.013140       0.343942      -0.013172       0.095555
           6.28      -0.003167       0.578483      -0.003154       0.999226      -0.003177       0.276143
           6.29       0.006823       0.128808       0.006831       0.239440       0.006819       0.065162
           6.30       0.016814       0.001135       0.016814       0.001135       0.016814       0.001135
           6.31       0.026787       0.090368       0.026795       0.062252       0.026811       0.000901
           6.32       0.036761       0.123853       0.036774       0.087447       0.036806       0.000767
           6.33       0.046734       0.135190       0.046752       0.097601       0.046797       0.000667
           6.34       0.056708       0.134302       0.056728       0.098902       0.056784       0.000580
           6.35       0.066681       0.125192       0.066827       0.092830       0.066765       0.000496
           6.36       0.076655       0.109756       0.076795       0.072336       0.076739       0.000414
           6.37       0.086628       0.089038       0.086751       0.051990       0.086705       0.000324
           6.38       0.096602       0.063621       0.096695       0.032764       0.096663       0.000248
           6.39       0.106575       0.033882       0.106628       0.015268       0.106611       0.000162
           6.40       0.116549       0.000086       0.116549       0.000086       0.116549       0.000086
           6.41       0.126406       0.054452       0.126458       0.013015       0.126475       0.000172
           6.42       0.136263       0.091641       0.136356       0.023335       0.136388       0.000227
           6.43       0.146120       0.114480       0.146243       0.030902       0.146287       0.000262
           6.44       0.155977       0.125069       0.156117       0.035589       0.156172       0.000276
           6.45       0.165834       0.125004       0.166103       0.036812       0.166042       0.000261
           6.46       0.175692       0.115518       0.175949       0.031117       0.175894       0.000236
           6.47       0.185549       0.097579       0.185774       0.023930       0.185729       0.000195
           6.48       0.195406       0.071954       0.195578       0.015984       0.195546       0.000133
           6.49       0.205263       0.039260       0.205360       0.007843       0.205343       0.000074
           6.50       0.215120       0.000000       0.215120       0.000000       0.215120       0.000000
           6.51       0.224762       0.050169       0.224859       0.007151       0.224875       0.000087
           6.52       0.234404       0.086585       0.234576       0.013295       0.234607       0.000153
           6.53       0.244046       0.110515       0.244272       0.018137       0.244316       0.000194
           6.54       0.253688       0.123003       0.253946       0.021453       0.254000       0.000216
           6.55       0.263331       0.124965       0.263720       0.022611       0.263659       0.000222
           6.56       0.272973       0.117143       0.273346       0.019539       0.273292       0.000199
           6.57       0.282615       0.100203       0.282942       0.015331       0.282898       0.000166
           6.58       0.292257       0.074711       0.292506       0.010423       0.292475       0.000113
           6.59       0.301899       0.041167       0.302039       0.005220       0.302023       0.000049
           6.60       0.311541       0.000024       0.311541       0.000024       0.311541       0.000024
           6.61       0.320872       0.048484       0.321012       0.004852       0.321026       0.000591
           6.62       0.330203       0.084503       0.330452       0.009150       0.330479       0.001133
           6.63       0.339534       0.108807       0.339861       0.012650       0.339898       0.001567
           6.64       0.348865       0.122090       0.349238       0.015147       0.349285       0.001871
           6.65       0.358196       0.124935       0.358585       0.016444       0.358636       0.002018
           6.66       0.367527       0.117918       0.367900       0.016401       0.367953       0.001992
           6.67       0.376857       0.101496       0.377184       0.014848       0.377233       0.001797
           6.68       0.386188       0.076110       0.386437       0.011676       0.386477       0.001389
           6.69       0.395519       0.042148       0.395659       0.006749       0.395683       0.000784
           6.70       0.404850       0.000035       0.404850       0.000043       0.404850       0.000043
           6.71       0.411106       0.692545       0.413843       0.031546       0.413946       0.006673
           6.72       0.417363       1.345605       0.422774       0.066533       0.422996       0.014023
           6.73       0.423619       1.961623       0.431644       0.104491       0.432000       0.021911
           6.74       0.429875       2.542841       0.440452       0.145056       0.440958       0.030223
           6.75       0.436132       3.091334       0.449198       0.187885       0.449869       0.038901
           6.76       0.442388       3.608974       0.457884       0.232655       0.458732       0.047849
           6.77       0.448644       4.097501       0.466507       0.279081       0.467546       0.057015
           6.78       0.454901       4.558493       0.475070       0.326889       0.476312       0.066325
           6.79       0.461157       4.993420       0.483570       0.375858       0.485027       0.075738
           6.80       0.467413       5.403618       0.492010       0.425744       0.493692       0.085171
           6.81       0.473670       5.790339       0.500387       0.476360       0.502307       0.094606
           6.82       0.479926       6.154719       0.508704       0.527496       0.510869       0.103994
           6.83       0.486182       6.497826       0.516958       0.578989       0.519380       0.113300
           6.84       0.492439       6.820642       0.525152       0.630675       0.527837       0.122470
           6.85       0.498695       7.124079       0.533283       0.682380       0.536242       0.131477
           6.86       0.504951       7.408990       0.541354       0.733996       0.544591       0.140307
           6.87       0.511208       7.676151       0.549363       0.785372       0.552887       0.148928
           6.88       0.517464       7.926309       0.557310       0.836406       0.561127       0.157297
           6.89       0.523720       8.160126       0.565196       0.886953       0.569310       0.165420
           6.90       0.529977       8.378248       0.573020       0.936927       0.577437       0.173259
           6.91       0.536233       8.581268       0.580783       0.986239       0.585507       0.180811
           6.92       0.542489       8.769741       0.588484       1.034765       0.593519       0.188044
           6.93       0.548746       8.944183       0.596124       1.082439       0.601473       0.194938
           6.94       0.555002       9.105088       0.603702       1.129187       0.609367       0.201504
           6.95       0.561258       9.252889       0.611219       1.174904       0.617201       0.207726
           6.96       0.567515       9.388021       0.618675       1.219536       0.624975       0.213577
           6.97       0.573771       9.510879       0.626069       1.263015       0.632688       0.219064
           6.98       0.580027       9.621847       0.633401       1.305266       0.640339       0.224172
           6.99       0.586284       9.721252       0.640672       1.346237       0.647928       0.228910
           7.00       0.592540       9.809433       0.647882       1.385872       0.655454       0.233247
           7.01       0.598796       9.886696       0.655029       1.424114       0.662916       0.237192
           7.02       0.605053       9.953329       0.662116       1.460903       0.670315       0.240738
           7.03       0.611309      10.009602       0.669141       1.496189       0.677648       0.243903
           7.04       0.617565      10.055777       0.676104       1.529934       0.684916       0.246645
           7.05       0.623821      10.092076       0.683006       1.562093       0.692117       0.248994
           7.06       0.630078      10.118739       0.689847       1.592623       0.699252       0.250962
           7.07       0.636334      10.135958       0.719313       1.582470       0.706320       0.252510
           7.08       0.642590      10.143939       0.726204       1.548140       0.713319       0.253678
           7.09       0.648847      10.142867       0.733011       1.512793       0.720250       0.254428
           7.10       0.655103      10.132914       0.739733       1.476554       0.727112       0.254802
           7.11       0.661359      10.114243       0.746370       1.439531       0.733903       0.254789
           7.12       0.667616      10.087014       0.752922       1.401860       0.740624       0.254397
           7.13       0.673872      10.051352       0.759390       1.363632       0.747274       0.253618
           7.14       0.680128      10.007399       0.765773       1.324883       0.753852       0.252468
           7.15       0.686385       9.955279       0.772072       1.285749       0.760358       0.250949
           7.16       0.692641       9.895108       0.778286       1.246347       0.766791       0.249062
           7.17       0.698897       9.827000       0.784415       1.206686       0.773150       0.246827
           7.18       0.705154       9.751035       0.790460       1.166873       0.779434       0.244245
           7.19       0.711410       9.667334       0.796420       1.126988       0.785644       0.241321
           7.20       0.717666       9.575963       0.802296       1.087093       0.791778       0.238089
           7.21       0.723923       9.477008       0.808087       1.047276       0.797836       0.234493
           7.22       0.730179       9.370542       0.813793       1.007562       0.803817       0.230614
           7.23       0.736435       9.256640       0.819414       0.968011       0.809721       0.226427
           7.24       0.742692       9.135357       0.824952       0.928732       0.815546       0.221954
           7.25       0.748948       9.006735       0.830404       0.889736       0.821293       0.217209
           7.26       0.755204       8.870852       0.835772       0.851059       0.826960       0.212177
           7.27       0.761461       8.727732       0.841055       0.812774       0.832548       0.206917
           7.28       0.767717       8.577425       0.846253       0.774935       0.838054       0.201387
           7.29       0.773973       8.419965       0.851367       0.737588       0.843480       0.195638
           7.30       0.780230       8.255391       0.856396       0.700790       0.848824       0.189667
           7.31       0.786486       8.083708       0.861341       0.664519       0.854084       0.183511
           7.32       0.792742       7.904966       0.866201       0.628900       0.859262       0.177153
           7.33       0.798999       7.719163       0.870976       0.593907       0.864357       0.170617
           7.34       0.805255       7.526327       0.875667       0.559599       0.869366       0.163930
           7.35       0.811511       7.326446       0.880273       0.526011       0.874291       0.157110
           7.36       0.817768       7.119555       0.884794       0.493182       0.879130       0.150163
           7.37       0.824024       6.905635       0.889231       0.461146       0.883882       0.143109
           7.38       0.830280       6.684691       0.893583       0.429926       0.888548       0.135976
           7.39       0.836537       6.456718       0.897851       0.399540       0.893126       0.128751
           7.40       0.842793       6.221714       0.902034       0.370048       0.897616       0.121482
           7.41       0.849049       5.979647       0.906132       0.341446       0.902017       0.114191
           7.42       0.855306       5.730526       0.910146       0.313773       0.906329       0.106876
           7.43       0.861562       5.474314       0.914075       0.287075       0.910550       0.099579
           7.44       0.867818       5.210994       0.917919       0.261323       0.914681       0.092317
           7.45       0.874075       4.940540       0.921679       0.236606       0.918721       0.085096
           7.46       0.880331       4.662929       0.925354       0.212903       0.922668       0.077959
           7.47       0.886587       4.378116       0.928944       0.190254       0.926523       0.070908
           7.48       0.892844       4.086071       0.932450       0.168667       0.930284       0.063987
           7.49       0.899100       3.786755       0.935871       0.148177       0.933952       0.057212
           7.50       0.905356       3.480132       0.939208       0.128802       0.937525       0.050603
           7.51       0.911613       3.166138       0.942460       0.110543       0.941003       0.044189
           7.52       0.917869       2.844749       0.945627       0.093445       0.944385       0.038011
           7.53       0.924125       2.515893       0.948710       0.077517       0.947671       0.032075
           7.54       0.930382       2.179523       0.951708       0.062759       0.950860       0.026418
           7.55       0.936638       1.835580       0.954622       0.049213       0.953951       0.021070
           7.56       0.942894       1.484008       0.957451       0.036870       0.956944       0.016058
           7.57       0.949151       1.124730       0.960195       0.025765       0.959838       0.011403
           7.58       0.955407       0.757684       0.962854       0.015913       0.962632       0.007169
           7.59       0.961663       0.382798       0.965429       0.007316       0.965326       0.003347
           7.60       0.967920       0.000005       0.967920       0.000001       0.967920       0.000005
           7.61       0.969945       0.045267       0.970391       0.000758       0.970371       0.001275
           7.62       0.971969       0.080351       0.972763       0.001285       0.972729       0.002232
           7.63       0.973994       0.105288       0.975036       0.001607       0.974993       0.002874
           7.64       0.976019       0.120144       0.977210       0.001744       0.977162       0.003233
           7.65       0.978044       0.124975       0.979285       0.001725       0.979235       0.003303
           7.66       0.980069       0.119813       0.981260       0.001572       0.981214       0.003099
           7.67       0.982094       0.104708       0.983136       0.001306       0.983097       0.002659
           7.68       0.984119       0.079676       0.984913       0.000941       0.984884       0.001982
           7.69       0.986143       0.044768       0.986590       0.000507       0.986574       0.001088
           7.70       0.988168       0.000003       0.988168       0.000003       0.988168       0.000003
           7.71       0.988208       0.145969       0.989648       0.000446       0.989647       0.000512
           7.72       0.988248       0.281552       0.991029       0.000928       0.991027       0.001066
           7.73       0.988287       0.406811       0.992310       0.001434       0.992308       0.001626
           7.74       0.988327       0.521806       0.993492       0.001940       0.993489       0.002186
           7.75       0.988367       0.626600       0.994574       0.002459       0.994572       0.002734
           7.76       0.988406       0.721255       0.995558       0.002943       0.995554       0.003266
           7.77       0.988446       0.805806       0.996442       0.003418       0.996438       0.003765
           7.78       0.988486       0.880310       0.997226       0.003852       0.997222       0.004223
           7.79       0.988525       0.944798       0.997911       0.004250       0.997908       0.004632
           7.80       0.988565       0.999299       0.998497       0.004598       0.998494       0.004986
           7.81       0.988605       1.043851       0.998984       0.004897       0.998980       0.005290
           7.82       0.988644       1.078466       0.999371       0.005135       0.999367       0.005529
           7.83       0.988684       1.103168       0.999659       0.005311       0.999655       0.005704
           7.84       0.988724       1.117977       0.999848       0.005425       0.999844       0.005807
           7.85       0.988763       1.122895       0.999937       0.005484       0.999934       0.005841
           7.86       0.988803       1.117918       0.999927       0.005455       0.999924       0.005801
           7.87       0.988843       1.103058       0.999818       0.005363       0.999815       0.005703
           7.88       0.988882       1.078295       0.999609       0.005227       0.999606       0.005525
           7.89       0.988922       1.043630       0.999301       0.005001       0.999299       0.005288
           7.90       0.988962       0.999035       0.998894       0.004730       0.998891       0.004999
           7.91       0.989001       0.944499       0.998387       0.004400       0.998385       0.004639
           7.92       0.989041       0.879985       0.997782       0.004016       0.997779       0.004219
           7.93       0.989081       0.805472       0.997076       0.003584       0.997074       0.003763
           7.94       0.989120       0.720912       0.996272       0.003116       0.996270       0.003266
           7.95       0.989160       0.626276       0.995368       0.002621       0.995367       0.002734
           7.96       0.989200       0.521503       0.994365       0.002095       0.994364       0.002191
           7.97       0.989239       0.406549       0.993262       0.001554       0.993261       0.001626
           7.98       0.989279       0.281361       0.992060       0.001028       0.992060       0.001064
           7.99       0.989319       0.145870       0.990759       0.000505       0.990759       0.000517
           8.00       0.989358       0.000002       0.989358       0.000004       0.989358       0.000008
           8.01       0.987411       0.044783       0.987858       0.000458       0.987852       0.000217
           8.02       0.985465       0.079693       0.986259       0.000874       0.986247       0.000383
           8.03       0.983518       0.104716       0.984561       0.001217       0.984544       0.000485
           8.04       0.981571       0.119816       0.982763       0.001468       0.982743       0.000539
           8.05       0.979624       0.124971       0.980835       0.001465       0.980845       0.000541
           8.06       0.977677       0.120132       0.978840       0.001325       0.978848       0.000503
           8.07       0.975730       0.105270       0.976748       0.001092       0.976755       0.000415
           8.08       0.973784       0.080325       0.974559       0.000774       0.974564       0.000297
           8.09       0.971837       0.045256       0.972273       0.000399       0.972275       0.000148
           8.10       0.969890       0.000003       0.969890       0.000009       0.969890       0.000009
           8.11       0.966974       0.044649       0.967410       0.000433       0.967403       0.000331
           8.12       0.964058       0.079519       0.964833       0.000829       0.964819       0.000648
           8.13       0.961142       0.104560       0.962160       0.001194       0.962139       0.000919
           8.14       0.958226       0.119732       0.959389       0.001488       0.959364       0.001116
           8.15       0.955310       0.124968       0.956522       0.001675       0.956494       0.001242
           8.16       0.952394       0.120225       0.953557       0.001736       0.953529       0.001258
           8.17       0.949478       0.105425       0.950496       0.001628       0.950469       0.001157
           8.18       0.946562       0.080505       0.947338       0.001334       0.947316       0.000925
           8.19       0.943646       0.045396       0.944083       0.000800       0.944070       0.000545
           8.20       0.940731       0.000011       0.940731       0.000004       0.940731       0.000004
           8.21       0.934123       0.338126       0.937363       0.007607       0.937259       0.003566
           8.22       0.927515       0.668755       0.933914       0.016537       0.933688       0.007649
           8.23       0.920908       0.991963       0.930383       0.026752       0.930021       0.012184
           8.24       0.914300       1.307792       0.926770       0.038231       0.926256       0.017171
           8.25       0.907692       1.616290       0.923074       0.050959       0.922396       0.022555
           8.26       0.901085       1.917498       0.919297       0.064908       0.918440       0.028337
           8.27       0.894477       2.211456       0.915438       0.080074       0.914390       0.034456
           8.28       0.887869       2.498201       0.911496       0.096401       0.910246       0.040897
           8.29       0.881262       2.777765       0.907473       0.113898       0.906009       0.047634
           8.30       0.874654       3.050178       0.903367       0.132507       0.901679       0.054618
           8.31       0.868046       3.315467       0.899180       0.152234       0.897258       0.061850
           8.32       0.861439       3.573655       0.894910       0.173027       0.892745       0.069298
           8.33       0.854831       3.824762       0.890559       0.194864       0.888143       0.076923
           8.34       0.848223       4.068803       0.886125       0.217730       0.883451       0.084695
           8.35       0.841616       4.305792       0.881609       0.241590       0.878670       0.092615
           8.36       0.835008       4.535739       0.877012       0.266411       0.873801       0.100642
           8.37       0.828400       4.758648       0.872332       0.292149       0.868845       0.108758
           8.38       0.821793       4.974515       0.867570       0.318784       0.863802       0.116927
           8.39       0.815185       5.183351       0.862726       0.346295       0.858673       0.125142
           8.40       0.808578       5.385152       0.857800       0.374605       0.853459       0.133381
           8.41       0.801970       5.579894       0.852792       0.403711       0.848161       0.141603
           8.42       0.795362       5.767570       0.847703       0.433575       0.842779       0.149793
           8.43       0.788755       5.948155       0.842531       0.464135       0.837313       0.157954
           8.44       0.782147       6.121641       0.837276       0.495356       0.831766       0.166037
           8.45       0.775539       6.287995       0.831941       0.527222       0.826137       0.174045
           8.46       0.768932       6.447185       0.826522       0.559638       0.820427       0.181915
           8.47       0.762324       6.599184       0.821022       0.592592       0.814637       0.189680
           8.48       0.755716       6.743936       0.815440       0.626018       0.808768       0.197308
           8.49       0.749109       6.881395       0.809776       0.659866       0.802820       0.204752
           8.50       0.742501       7.011525       0.804030       0.694124       0.796794       0.212016
           8.51       0.735893       7.134263       0.798201       0.728646       0.790691       0.219098
           8.52       0.729286       7.249545       0.792291       0.763447       0.784512       0.225945
           8.53       0.722678       7.357305       0.786299       0.798435       0.778256       0.232556
           8.54       0.716070       7.457468       0.780224       0.833551       0.771926       0.238921
           8.55       0.709463       7.549954       0.774068       0.868703       0.765521       0.245011
           8.56       0.702855       7.634675       0.767829       0.903880       0.759043       0.250824
           8.57       0.696248       7.711537       0.761509       0.938906       0.752491       0.256339
           8.58       0.689640       7.780437       0.755106       0.973809       0.745868       0.261525
           8.59       0.683032       7.841260       0.748622       1.008437       0.739173       0.266382
           8.60       0.676425       7.893901       0.742055       1.042715       0.732408       0.270873
           8.61       0.669817       7.938228       0.735406       1.076591       0.725572       0.275032
           8.62       0.663209       7.974105       0.728676       1.109887       0.718668       0.278780
           8.63       0.656602       8.001394       0.721863       1.142581       0.711694       0.282160
           8.64       0.649994       8.019916       0.714968       1.174516       0.704653       0.285117
           8.65       0.643386       8.029530       0.707991       1.205575       0.697545       0.287665
           8.66       0.636779       8.030059       0.700932       1.235656       0.690371       0.289754
           8.67       0.630171       8.021296       0.693792       1.264647       0.683131       0.291398
           8.68       0.623563       8.003039       0.686569       1.292396       0.675826       0.292576
           8.69       0.616956       7.975089       0.679263       1.318709       0.668456       0.293301
           8.70       0.610348       7.937207       0.671876       1.343521       0.661024       0.293498
           8.71       0.603740       7.889149       0.664408       1.366655       0.653528       0.293190
           8.72       0.597133       7.830651       0.656856       1.387888       0.645971       0.292375
           8.73       0.590525       7.761434       0.649223       1.407085       0.638352       0.291021
           8.74       0.583917       7.681200       0.641508       1.424017       0.630673       0.289116
           8.75       0.577310       7.589629       0.633711       1.438528       0.622933       0.286658
           8.76       0.570702       7.486382       0.625832       1.450404       0.615135       0.283605
           8.77       0.564095       7.371095       0.617871       1.459365       0.607278       0.279964
           8.78       0.557487       7.243379       0.609827       1.465188       0.599364       0.275742
           8.79       0.550879       7.102820       0.601702       1.467610       0.591393       0.270888
           8.80       0.544272       6.948973       0.593495       1.466395       0.583365       0.265400
           8.81       0.537664       6.781362       0.585205       1.461175       0.575282       0.259275
           8.82       0.531056       6.599480       0.576834       1.451682       0.567144       0.252500
           8.83       0.524449       6.402779       0.568380       1.437579       0.558952       0.245031
           8.84       0.517841       6.190675       0.559844       1.418459       0.550707       0.236888
           8.85       0.511233       5.962539       0.551227       1.393986       0.542409       0.228057
           8.86       0.504626       5.717697       0.542527       1.363709       0.534059       0.218492
           8.87       0.498018       5.455417       0.533746       1.327168       0.525658       0.208191
           8.88       0.491410       5.174930       0.524882       1.283925       0.517207       0.197150
           8.89       0.484803       4.875386       0.515936       1.233424       0.508706       0.185345
           8.90       0.478195       4.555878       0.506908       1.175094       0.500155       0.172759
           8.91       0.471587       4.215426       0.487011       1.082797       0.491557       0.159379
           8.92       0.464980       3.852968       0.478882       0.978219       0.482911       0.145188
           8.93       0.458372       3.467355       0.470706       0.869875       0.474218       0.130165
           8.94       0.451764       3.057341       0.462481       0.757691       0.465479       0.114284
           8.95       0.445157       2.621568       0.454208       0.641609       0.456695       0.097543
           8.96       0.438549       2.158576       0.445887       0.521559       0.447866       0.079901
           8.97       0.431942       1.666757       0.437517       0.397463       0.438994       0.061353
           8.98       0.425334       1.144361       0.429099       0.269223       0.430077       0.041871
           8.99       0.418726       0.589476       0.420633       0.136783       0.421119       0.021433
           9.00       0.412119       0.000008       0.412119       0.000001       0.412119       0.000001
           9.01       0.402373       0.152265       0.403556       0.141212       0.402947       0.010015
           9.02       0.392628       0.301404       0.394945       0.286969       0.393736       0.019950
           9.03       0.382883       0.447447       0.386286       0.437409       0.384489       0.029800
           9.04       0.373137       0.590481       0.377578       0.592692       0.375205       0.039562
           9.05       0.363392       0.730573       0.368822       0.752956       0.365886       0.049241
           9.06       0.353646       0.867779       0.353533       0.899658       0.356532       0.058809
           9.07       0.343901       1.002185       0.343771       1.039512       0.347145       0.068288
           9.08       0.334156       1.133873       0.334011       1.176700       0.337725       0.077669
           9.09       0.324410       1.262935       0.324251       1.311318       0.328274       0.086960
           9.10       0.314665       1.389471       0.314492       1.443473       0.318792       0.096160
           9.11       0.304919       1.513591       0.304735       1.573281       0.309280       0.105254
           9.12       0.295174       1.635424       0.294978       1.700882       0.299739       0.114270
           9.13       0.285429       1.755078       0.285221       1.826412       0.290170       0.123194
           9.14       0.275683       1.872733       0.275466       1.950023       0.280574       0.132040
           9.15       0.265938       1.988562       0.265712       2.071917       0.270951       0.140815
           9.16       0.256192       2.102738       0.255958       2.192283       0.261304       0.149517
           9.17       0.246447       2.215487       0.246205       2.311387       0.251632       0.158177
           9.18       0.236702       2.327084       0.236453       2.429480       0.241937       0.166788
           9.19       0.226956       2.437807       0.226702       2.546888       0.232219       0.175395
           9.20       0.217211       2.548011       0.216952       2.663983       0.222480       0.184003
           9.21       0.207465       2.658111       0.207203       2.781205       0.212720       0.192628
           9.22       0.197720       2.768581       0.197455       2.899083       0.202941       0.201331
           9.23       0.187975       2.880005       0.187707       3.018232       0.193142       0.210130
           9.24       0.178229       2.993122       0.177960       3.139434       0.183326       0.219089
           9.25       0.168484       3.108761       0.168215       3.263591       0.173493       0.228270
           9.26       0.158738       3.228003       0.158470       3.391892       0.163644       0.237733
           9.27       0.148993       3.352229       0.148726       3.525762       0.153779       0.247603
           9.28       0.139248       3.483131       0.138982       3.667081       0.143901       0.257999
           9.29       0.129502       3.622951       0.129240       3.818194       0.134009       0.269087
           9.30       0.119757       3.774636       0.119498       3.982328       0.124105       0.281080
           9.31       0.110012       3.942133       0.109758       4.163700       0.114189       0.294302
           9.32       0.100266       4.130946       0.100018       4.368206       0.104263       0.309147
           9.33       0.090521       4.348848       0.090279       4.604219       0.094328       0.326220
           9.34       0.080775       4.607285       0.080541       4.884053       0.084383       0.346409
           9.35       0.071030       4.923856       0.070804       5.226582       0.074431       0.371021
           9.36       0.061285       5.326959       0.061067       5.662393       0.064472       0.402271
           9.37       0.051539       5.865849       0.051332       6.244340       0.054508       0.443881
           9.38       0.041794       6.633625       0.041597       7.072472       0.044538       0.503004
           9.39       0.032048       7.830527       0.031864       8.362036       0.034564       0.594937
           9.40       0.022303       9.980088       0.022131      10.675621       0.024587       0.759715
           9.41       0.012558      15.022852       0.012399      16.098590       0.014608       1.145717
           9.42       0.002812      41.144290       0.002667      44.173798       0.004628       3.143671
           9.43      -0.006933      32.773311      -0.007063      35.256531      -0.005353       2.508624
           9.44      -0.016679       9.574264      -0.016792      10.321475      -0.015333       0.734194
           9.45      -0.026424       4.777315      -0.026521       5.161696      -0.025312       0.367030
           9.46      -0.036169       2.711380      -0.036249       2.936498      -0.035288       0.208693
           9.47      -0.045915       1.566864      -0.045976       1.701244      -0.045261       0.120809
           9.48      -0.055660       0.844962      -0.055702       0.919895      -0.055230       0.065277
           9.49      -0.065406       0.352784      -0.065427       0.385170      -0.065193       0.027305
           9.50      -0.075151       0.000008      -0.075151       0.000008      -0.075151       0.000008
           9.51      -0.084862       0.301769      -0.085301       0.213696      -0.085116       0.003312
           9.52      -0.094573       0.531379      -0.095420       0.359755      -0.095073       0.005784
           9.53      -0.104284       0.708453      -0.105509       0.458403      -0.105020       0.007645
           9.54      -0.113995       0.845830      -0.115568       0.522839      -0.114957       0.009039
           9.55      -0.123706       0.952220      -0.125597       0.562040      -0.124882       0.010068
           9.56      -0.133417       1.033775      -0.135595       0.582349      -0.134796       0.010790
           9.57      -0.143127       1.094947      -0.145563       0.588344      -0.144696       0.011289
           9.58      -0.152838       1.139031      -0.155501       0.583410      -0.154581       0.011579
           9.59      -0.162549       1.168517      -0.165409       0.570114      -0.164452       0.011695
           9.60      -0.172260       1.185351      -0.175286       0.550459      -0.174306       0.011655
           9.61      -0.181971       1.191031      -0.185133       0.525999      -0.184143       0.011501
           9.62      -0.191682       1.186747      -0.194950       0.497951      -0.193962       0.011249
           9.63      -0.201393       1.173477      -0.204737       0.467341      -0.203762       0.010893
           9.64      -0.211104       1.151994      -0.214493       0.434939      -0.213542       0.010454
           9.65      -0.220815       1.122930      -0.224219       0.401432      -0.223300       0.009953
           9.66      -0.230526       1.086830      -0.233915       0.367356      -0.233037       0.009376
           9.67      -0.240237       1.044126      -0.243580       0.333190      -0.242750       0.008766
           9.68      -0.249948       0.995188      -0.253216       0.299317      -0.252440       0.008114
           9.69      -0.259659       0.940316      -0.262821       0.266042      -0.262104       0.007431
           9.70      -0.269369       0.879803      -0.272395       0.233681      -0.271742       0.006724
           9.71      -0.279080       0.813845      -0.281940       0.202453      -0.281354       0.005984
           9.72      -0.288791       0.742657      -0.291454       0.172579      -0.290937       0.005250
           9.73      -0.298502       0.666381      -0.300938       0.144239      -0.300491       0.004522
           9.74      -0.308213       0.585180      -0.310392       0.117583      -0.310016       0.003797
           9.75      -0.317924       0.499146      -0.319815       0.092752      -0.319509       0.003095
           9.76      -0.327635       0.408423      -0.329209       0.069877      -0.328971       0.002405
           9.77      -0.337346       0.313072      -0.338572       0.049077      -0.338400       0.001747
           9.78      -0.347057       0.213190      -0.347904       0.030431      -0.347794       0.001137
           9.79      -0.356768       0.108827      -0.357207       0.014027      -0.357155       0.000559
           9.80      -0.366479       0.000056      -0.366479       0.000048      -0.366479       0.000048
           9.81      -0.375585       0.047960      -0.375721       0.011731      -0.375766       0.000396
           9.82      -0.384690       0.083819      -0.384932       0.020942      -0.385016       0.000770
           9.83      -0.393796       0.108233      -0.394114       0.027638      -0.394227       0.001074
           9.84      -0.402902       0.121780      -0.403265       0.031766      -0.403398       0.001273
           9.85      -0.412007       0.124952      -0.412386       0.033260      -0.412529       0.001381
           9.86      -0.421113       0.118222      -0.421476       0.032098      -0.421617       0.001373
           9.87      -0.430219       0.101990      -0.430537       0.028208      -0.430663       0.001252
           9.88      -0.439325       0.076647      -0.439567       0.021578      -0.439666       0.001001
           9.89      -0.448430       0.042518      -0.448566       0.012166      -0.448624       0.000615
