             x      Linear LP     L_Error(%)   Quadratic LP     Q_Error(%)       Cubic LP     C_Error(%) 
           1.41       4.100091       0.100981       4.095532       0.010336       4.095999       0.001073
           1.42       4.144983       0.190059       4.136343       0.018778       4.137198       0.001888
           1.43       4.189875       0.267441       4.177635       0.025460       4.178803       0.002486
           1.44       4.234766       0.333376       4.219407       0.030543       4.220818       0.002898
           1.45       4.279658       0.388071       4.261658       0.034159       4.263249       0.003166
           1.46       4.324550       0.431733       4.304390       0.036449       4.306100       0.003273
           1.47       4.369442       0.464598       4.347602       0.037550       4.349377       0.003268
           1.48       4.414333       0.486856       4.391294       0.037607       4.393085       0.003185
           1.49       4.459225       0.498734       4.435465       0.036748       4.437229       0.003004
           1.50       4.504116       0.500416       4.480116       0.035089       4.481813       0.002777
           1.51       4.549007       0.492115       4.525248       0.032753       4.526844       0.002493
           1.52       4.593899       0.474040       4.570860       0.029858       4.572326       0.002201
           1.53       4.638791       0.446375       4.616951       0.026541       4.618264       0.001884
           1.54       4.683682       0.409303       4.663523       0.022873       4.664663       0.001558
           1.55       4.728574       0.363034       4.710575       0.019005       4.711529       0.001246
           1.56       4.773466       0.307734       4.758106       0.015032       4.758866       0.000950
           1.57       4.818357       0.243609       4.806118       0.011027       4.806680       0.000659
           1.58       4.863249       0.170818       4.854609       0.007131       4.854976       0.000412
           1.59       4.908141       0.089561       4.903581       0.003428       4.903758       0.000189
           1.60       4.953032       0.000004       4.953032       0.000005       4.953032       0.000005
           1.61       5.005124       0.046225       5.002658       0.003053       5.002803       0.000155
           1.62       5.057215       0.081634       5.052832       0.005107       5.053077       0.000266
           1.63       5.109306       0.106424       5.103554       0.006276       5.103857       0.000343
           1.64       5.161398       0.120831       5.154824       0.006704       5.155149       0.000386
           1.65       5.213490       0.125022       5.206641       0.006500       5.206959       0.000392
           1.66       5.265581       0.119226       5.259007       0.005775       5.259292       0.000362
           1.67       5.317672       0.103623       5.311920       0.004659       5.312152       0.000296
           1.68       5.369764       0.078436       5.365381       0.003254       5.365544       0.000214
           1.69       5.421856       0.043831       5.419390       0.001667       5.419474       0.000118
           1.70       5.473947       0.000003       5.473947       0.000003       5.473947       0.000003
           1.71       5.531517       0.046224       5.529052       0.001636       5.528956       0.000089
           1.72       5.589087       0.081631       5.584704       0.003153       5.584520       0.000151
           1.73       5.646657       0.106437       5.640904       0.004444       5.640643       0.000197
           1.74       5.704227       0.120823       5.697653       0.005434       5.697330       0.000224
           1.75       5.761797       0.125021       5.754949       0.006023       5.754589       0.000233
           1.76       5.819367       0.119231       5.812102       0.005770       5.812424       0.000224
           1.77       5.876937       0.103634       5.870580       0.004658       5.870842       0.000191
           1.78       5.934507       0.078436       5.929664       0.003247       5.929848       0.000144
           1.79       5.992077       0.043828       5.989353       0.001662       5.989448       0.000078
           1.80       6.049648       0.000009       6.049647       0.000001       6.049647       0.000001
           1.81       6.113272       0.046232       6.110548       0.001642       6.110413       0.000567
           1.82       6.176897       0.081634       6.172053       0.003161       6.171792       0.001073
           1.83       6.240521       0.106434       6.234164       0.004456       6.233793       0.001503
           1.84       6.304146       0.120832       6.296881       0.005442       6.296423       0.001820
           1.85       6.367771       0.125025       6.360203       0.006030       6.359693       0.001993
           1.86       6.431396       0.119229       6.424130       0.006124       6.423608       0.002004
           1.87       6.495020       0.103636       6.488663       0.005649       6.488177       0.001832
           1.88       6.558645       0.078441       6.553801       0.004523       6.553409       0.001458
           1.89       6.622270       0.043829       6.619545       0.002667       6.619313       0.000841
           1.90       6.685894       0.000004       6.685894       0.000004       6.685894       0.000004
           1.91       6.800777       0.706172       6.754645       0.023046       6.752461       0.009287
           1.92       6.915659       1.388386       6.824327       0.049395       6.819613       0.019729
           1.93       7.030542       2.047053       6.894941       0.078835       6.887358       0.031240
           1.94       7.145424       2.682574       6.966488       0.111193       6.955711       0.043684
           1.95       7.260307       3.295345       7.038967       0.146248       7.024683       0.056971
           1.96       7.375189       3.885756       7.112377       0.183825       7.094285       0.071011
           1.97       7.490072       4.454190       7.186719       0.223727       7.164533       0.085676
           1.98       7.604954       5.001027       7.261993       0.265793       7.235434       0.100910
           1.99       7.719837       5.526640       7.338200       0.309836       7.307003       0.116601
           2.00       7.834719       6.031398       7.415338       0.355685       7.379252       0.132681
           2.01       7.949602       6.515663       7.493408       0.403181       7.452192       0.149066
           2.02       8.064485       6.979800       7.572409       0.452150       7.525835       0.165682
           2.03       8.179366       7.424135       7.652344       0.502459       7.600194       0.182453
           2.04       8.294250       7.849062       7.733209       0.553925       7.675281       0.199312
           2.05       8.409131       8.254872       7.815008       0.606436       7.751106       0.216204
           2.06       8.524014       8.641953       7.897736       0.659785       7.827683       0.233063
           2.07       8.638897       9.010601       7.981400       0.713918       7.905024       0.249832
           2.08       8.753779       9.361156       8.065992       0.768618       7.983141       0.266447
           2.09       8.868662       9.693943       8.151518       0.823794       8.062045       0.282869
           2.10       8.983543      10.009268       8.237976       0.879317       8.141748       0.299053
           2.11       9.098427      10.307481       8.325366       0.935049       8.222263       0.314947
           2.12       9.213309      10.588856       8.413688       0.990868       8.303603       0.330495
           2.13       9.328192      10.853711       8.502942       1.046667       8.385778       0.345674
           2.14       9.443074      11.102346       8.593126       1.102297       8.468801       0.360456
           2.15       9.557957      11.335058       8.684244       1.157691       8.552683       0.374790
           2.16       9.672839      11.552139       8.776294       1.212718       8.637438       0.388640
           2.17       9.787722      11.753878       8.869274       1.267263       8.723075       0.402005
           2.18       9.902604      11.940557       8.963188       1.321255       8.809609       0.414823
           2.19      10.017487      12.112457       9.058034       1.374575       8.897051       0.427095
           2.20      10.132369      12.269854       9.153811       1.427116       8.985414       0.438776
           2.21      10.247252      12.413018       9.250520       1.478806       9.074705       0.449892
           2.22      10.362134      12.542218       9.348163       1.529566       9.164944       0.460359
           2.23      10.477016      12.657718       9.446735       1.579267       9.256137       0.470209
           2.24      10.591899      12.759777       9.546240       1.627846       9.348300       0.479392
           2.25      10.706781      12.848650       9.646678       1.675242       9.441442       0.487934
           2.26      10.821664      12.924592       9.748045       1.721326       9.535575       0.495809
           2.27      10.936546      12.987849       9.850348       1.766092       9.630713       0.502995
           2.28      11.051429      13.038668       9.953580       1.809407       9.726869       0.509492
           2.29      11.166311      13.077288      10.057745       1.851229       9.824051       0.515308
           2.30      11.281194      13.103949      10.162843       1.891491       9.922272       0.520447
           2.31      11.396076      13.118884      10.268870       1.930097      10.021547       0.524863
           2.32      11.510959      13.122323      10.375832       1.967022      10.121887       0.528581
           2.33      11.625841      13.114495      10.483725       2.002186      10.223303       0.531607
           2.34      11.740724      13.095623      10.592549       2.035530      10.325806       0.533948
           2.35      11.855606      13.065927      10.702306       2.066998      10.429411       0.535577
           2.36      11.970489      13.025625      10.812994       2.096535      10.534126       0.536540
           2.37      12.085371      12.974931      10.924614       2.124089      10.639967       0.536812
           2.38      12.200254      12.914065      11.037168       2.149628      10.746945       0.536395
           2.39      12.315136      12.843207      11.150652       2.173076      10.855071       0.535322
           2.40      12.430018      12.762588      11.265068       2.194396      10.964357       0.533589
           2.41      12.544901      12.672402      11.380418       2.213563      11.074817       0.531203
           2.42      12.659783      12.572847      11.496697       2.230498      11.186460       0.528179
           2.43      12.774666      12.464117      11.613909       2.245179      11.299300       0.524535
           2.44      12.889548      12.346406      11.732054       2.257584      11.413348       0.520281
           2.45      13.004431      12.219902      11.851131       2.267668      11.528617       0.515425
           2.46      13.119313      12.084794      11.971139       2.275372      11.645120       0.509972
           2.47      13.234197      11.941271      12.092080       2.280694      11.762866       0.503959
           2.48      13.349079      11.789500      12.213952       2.283579      11.881869       0.497389
           2.49      13.463962      11.629666      12.336756       2.284006      12.002141       0.490284
           2.50      13.578843      11.461937      12.460491       2.281945      12.123694       0.482651
           2.51      13.693726      11.286502      12.585160       2.277386      12.246540       0.474520
           2.52      13.808608      11.103523      12.710760       2.270281      12.370692       0.465892
           2.53      13.923491      10.913167      12.837292       2.260613      12.496158       0.456828
           2.54      14.038374      10.715607      12.964755       2.248361      12.622954       0.447299
           2.55      14.153256      10.510990      13.093153       2.233525      12.751093       0.437337
           2.56      14.268139      10.299483      13.222480       2.216042      12.880582       0.426991
           2.57      14.383021      10.081244      13.352739       2.195924      13.011436       0.416256
           2.58      14.497904       9.856428      13.483931       2.173146      13.143670       0.405144
           2.59      14.612785       9.625180      13.616055       2.147701      13.277291       0.393702
           2.60      14.727668       9.387664      13.749110       2.119567      13.412313       0.381951
           2.61      14.842550       9.144022      13.883099       2.088737      13.548748       0.369895
           2.62      14.957434       8.894405      14.018019       2.055195      13.686609       0.357561
           2.63      15.072316       8.638943      13.600679       1.968389      13.825906       0.344992
           2.64      15.187199       8.377783      13.750655       1.873574      13.966654       0.332180
           2.65      15.302081       8.111065      13.902122       1.779813      14.108861       0.319181
           2.66      15.416964       7.838924      14.055084       1.687180      14.252544       0.305981
           2.67      15.531845       7.561489      14.209538       1.595779      14.397710       0.292650
           2.68      15.646728       7.278905      14.365486       1.505691      14.544374       0.279176
           2.69      15.761611       6.991302      14.522928       1.416994      14.692547       0.265607
           2.70      15.876493       6.698794      14.681862       1.329789      14.842241       0.251951
           2.71      15.991376       6.401515      14.842291       1.244131      14.993471       0.238226
           2.72      16.106258       6.099587      15.004211       1.160120      15.146244       0.224484
           2.73      16.221140       5.793128      15.167625       1.077819      15.300574       0.210736
           2.74      16.336023       5.482275      15.332534       0.997292      15.456473       0.197010
           2.75      16.450905       5.167122      15.498935       0.918620      15.613955       0.183317
           2.76      16.565788       4.847809      15.666827       0.841875      15.773032       0.169685
           2.77      16.680672       4.524439      15.836216       0.767091      15.933712       0.156161
           2.78      16.795553       4.197111      16.007097       0.694353      16.096010       0.142750
           2.79      16.910437       3.865960      16.179470       0.623725      16.259939       0.129474
           2.80      17.025318       3.531072      16.353336       0.555254      16.425508       0.116374
           2.81      17.140200       3.192565      16.528698       0.488981      16.592731       0.103467
           2.82      17.255083       2.850555      16.705551       0.424982      16.761621       0.090770
           2.83      17.369965       2.505124      16.883900       0.363284      16.932188       0.078321
           2.84      17.484848       2.156395      17.063742       0.303947      17.104445       0.066138
           2.85      17.599731       1.804457      17.245073       0.247039      17.278402       0.054250
           2.86      17.714613       1.449398      17.427900       0.192570      17.454075       0.042671
           2.87      17.829496       1.091336      17.612223       0.140582      17.631474       0.031432
           2.88      17.944378       0.730345      17.798033       0.091160      17.810610       0.020559
           2.89      18.059259       0.366530      17.985342       0.044275      17.991495       0.010078
           2.90      18.174143       0.000008      18.174143       0.000008      18.174143       0.000008
           2.91      18.386087       0.159559      18.364435       0.041607      18.351896       0.026700
           2.92      18.598034       0.306060      18.556223       0.080558      18.531769       0.051332
           2.93      18.809980       0.439730      18.749502       0.116794      18.713787       0.073914
           2.94      19.021927       0.560809      18.944275       0.150296      18.897974       0.094477
           2.95      19.233871       0.669524      19.140541       0.181035      19.084356       0.113034
           2.96      19.445818       0.766129      19.338303       0.208996      19.272957       0.129619
           2.97      19.657764       0.850845      19.537556       0.234134      19.463808       0.144216
           2.98      19.869711       0.923899      19.738302       0.256437      19.656931       0.156871
           2.99      20.081657       0.985514      19.940540       0.275872      19.852350       0.167613
           3.00      20.293602       1.035901      20.144276       0.292449      20.050095       0.176451
           3.01      20.505550       1.075306      20.349501       0.306111      20.250189       0.183414
           3.02      20.717497       1.103915      20.556221       0.316869      20.452656       0.188542
           3.03      20.929443       1.121947      20.764435       0.324698      20.657526       0.191839
           3.04      21.141388       1.129602      20.974140       0.329574      20.864822       0.193347
           3.05      21.353334       1.127101      21.185339       0.331493      21.074570       0.193099
           3.06      21.565281       1.114638      21.398033       0.330452      21.286797       0.191111
           3.07      21.777227       1.092411      21.612219       0.326422      21.501528       0.187419
           3.08      21.989172       1.060606      21.827898       0.319403      21.718784       0.182076
           3.09      22.201118       1.019434      22.045071       0.309386      21.938601       0.175074
           3.10      22.413067       0.969085      22.263737       0.296364      22.160995       0.166477
           3.11      22.625011       0.909719      22.483896       0.280332      22.385996       0.156314
           3.12      22.836958       0.841546      22.705549       0.261282      22.613628       0.144614
           3.13      23.048903       0.764731      22.928694       0.239205      22.843918       0.131417
           3.14      23.260851       0.679477      23.153334       0.214112      23.076893       0.116745
           3.15      23.472797       0.585936      23.379467       0.185995      23.312576       0.100646
           3.16      23.684742       0.484279      23.607092       0.154843      23.550995       0.083153
           3.17      23.896688       0.374696      23.836210       0.120665      23.792173       0.064305
           3.18      24.108635       0.257344      24.066824       0.083470      24.036139       0.044137
           3.19      24.320581       0.132390      24.298927       0.043236      24.282913       0.022697
           3.20      24.532528       0.000003      24.532526       0.000011      24.532528       0.000003
           3.21      25.067894       1.165537      24.803450       0.098329      24.767454       0.046937
           3.22      25.603264       2.297996      25.078178       0.200014      25.004400       0.094767
           3.23      26.138634       3.397904      25.356712       0.304818      25.243414       0.143362
           3.24      26.674004       4.465795      25.639051       0.412519      25.484547       0.192582
           3.25      27.209373       5.502197      25.925194       0.522892      25.727844       0.242316
           3.26      27.744743       6.507632      26.215141       0.635734      25.973360       0.292425
           3.27      28.280113       7.482613      26.508894       0.750841      26.221146       0.342788
           3.28      28.815483       8.427647      26.806454       0.868019      26.471245       0.393314
           3.29      29.350853       9.343233      27.107819       0.987066      26.723719       0.443854
           3.30      29.886225      10.229870      27.412985       1.107778      26.978609       0.494338
           3.31      30.421593      11.088024      27.721960       1.229998      27.235962       0.544682
           3.32      30.956963      11.918193      28.034739       1.353525      27.495840       0.594745
           3.33      31.492332      12.720844      28.351320       1.478185      27.758284       0.644477
           3.34      32.027702      13.496441      28.671709       1.603821      28.023348       0.693774
           3.35      32.563072      14.245443      28.995899       1.730246      28.291080       0.742565
           3.36      33.098442      14.968303      29.323898       1.857327      28.561529       0.790782
           3.37      33.633812      15.665467      29.655701       1.984886      28.834751       0.838330
           3.38      34.169182      16.337375      29.991310       2.112784      29.110790       0.885162
           3.39      34.704552      16.984460      30.330725       2.240867      29.389700       0.931203
           3.40      35.239922      17.607150      30.673943       2.368984      29.671528       0.976402
           3.41      35.775291      18.205865      31.020967       2.497007      29.956329       1.020685
           3.42      36.310661      18.781023      31.371794       2.624783      30.244144       1.064032
           3.43      36.846031      19.333031      31.726429       2.752205      30.535030       1.106371
           3.44      37.381401      19.862295      32.084866       2.879119      30.829041       1.147645
           3.45      37.916771      20.369211      32.447105       3.005408      31.126221       1.187825
           3.46      38.452141      20.854172      32.813156       3.130976      31.426619       1.226879
           3.47      38.987511      21.317565      33.183010       3.255682      31.730288       1.264760
           3.48      39.522884      21.759783      33.556667       3.379412      32.037273       1.301448
           3.49      40.058254      22.181178      33.934132       3.502068      32.347633       1.336890
           3.50      40.593620      22.582120      34.315399       3.623534      32.661415       1.371066
           3.51      41.128990      22.962999      34.700470       3.743706      32.978668       1.403951
           3.52      41.664364      23.324172      35.089348       3.862495      33.299438       1.435536
           3.53      42.199734      23.665974      35.482029       3.979795      33.623783       1.465779
           3.54      42.735100      23.988752      35.878521       4.095534      33.951748       1.494676
           3.55      43.270470      24.292874      36.278812       4.209589      34.283386       1.522201
           3.56      43.805843      24.578679      36.682911       4.321895      34.618736       1.548376
           3.57      44.341209      24.846469      37.090813       4.432357      34.957870       1.573124
           3.58      44.876583      25.096618      37.502522       4.540905      35.300812       1.596515
           3.59      45.411949      25.329407      37.918034       4.647450      35.647648       1.618436
           3.60      45.947323      25.545199      38.337353       4.751926      35.998390       1.638991
           3.61      46.482689      25.744267      38.760475       4.854252      36.353096       1.658154
           3.62      47.018063      25.926965      39.187405       4.954366      36.711838       1.675865
           3.63      47.553429      26.093558      39.618137       5.052191      37.074661       1.692137
           3.64      48.088802      26.244387      40.052673       5.147663      37.441578       1.707075
           3.65      48.624168      26.379712      40.491016       5.240730      37.812702       1.720512
           3.66      49.159542      26.499864      40.933163       5.331321      38.188023       1.732615
           3.67      49.694908      26.605093      41.379116       5.419389      38.567619       1.743313
           3.68      50.230282      26.695723      41.828873       5.504868      38.951553       1.752588
           3.69      50.765648      26.771996      42.282436       5.587717      39.339848       1.760517
           3.70      51.301022      26.834226      42.739803       5.667874      39.732552       1.767114
           3.71      51.836391      26.882657      43.200977       5.745301      40.129749       1.772305
           3.72      52.371758      26.917558      43.665958       5.819951      40.531475       1.776146
           3.73      52.907131      26.939221      44.134735       5.891753      40.937763       1.778689
           3.74      53.442501      26.947878      44.607323       5.960702      41.348667       1.779942
           3.75      53.977871      26.943795      45.083717       6.026749      41.764256       1.779878
           3.76      54.513237      26.927215      45.563915       6.089845      42.184574       1.778525
           3.77      55.048611      26.898415      46.047916       6.149956      42.609661       1.775932
           3.78      55.583981      26.857613      46.535725       6.207057      43.039581       1.772084
           3.79      56.119350      26.805060      47.027340       6.261113      43.474373       1.767030
           3.80      56.654716      26.740984      47.522758       6.312087      43.914074       1.760819
           3.81      57.190090      26.665645      48.021976       6.359941      44.358749       1.753440
           3.82      57.725460      26.579249      48.525009       6.404682      44.808449       1.744918
           3.83      58.260830      26.482032      49.031837       6.446243      45.263245       1.735228
           3.84      58.796196      26.374210      49.542480       6.484641      45.723133       1.724513
           3.85      59.331570      26.256026      50.056919       6.519813      46.188225       1.712667
           3.86      59.866940      26.127675      50.575169       6.551771      46.658539       1.699785
           3.87      60.402309      25.989378      51.097218       6.580472      47.134109       1.685925
           3.88      60.937679      25.841346      51.623077       6.605923      47.615009       1.671069
           3.89      61.473049      25.683786      52.152740       6.628091      48.101307       1.655206
           3.90      62.008419      25.516903      52.686207       6.646962      48.593006       1.638459
           3.91      62.543793      25.340904      53.223480       6.662530      49.090187       1.620798
           3.92      63.079159      25.155967      53.764557       6.674775      49.592907       1.602236
           3.93      63.614529      24.962307      54.309437       6.683688      50.101204       1.582828
           3.94      64.149895      24.760103      54.858124       6.689266      50.615101       1.562657
           3.95      64.685272      24.549573      55.410618       6.691501      51.134697       1.541658
           3.96      65.220642      24.330866      55.966915       6.690379      51.660007       1.519929
           3.97      65.756004      24.104165      56.527016       6.685894      52.191116       1.497438
           3.98      66.291374      23.869681      57.090927       6.678056      52.728027       1.474302
           3.99      66.826752      23.627590      57.658638       6.666841      53.270817       1.450504
           4.00      67.362122      23.378039      51.012772       6.566842      53.819530       1.426083
           4.01      67.897484      23.121201      51.619667       6.396010      54.374241       1.401032
           4.02      68.432861      22.857286      52.233391       6.225569      54.934952       1.375466
           4.03      68.968231      22.586420      52.853909       6.055711      55.501759       1.349335
           4.04      69.503601      22.308780      53.481228       5.886549      56.074673       1.322741
           4.05      70.038963      22.024516      54.115372       5.718164      56.653782       1.295651
           4.06      70.574341      21.733826      54.756363       5.550637      57.239120       1.268123
           4.07      71.109711      21.436826      55.404102       5.384254      57.830738       1.240194
           4.08      71.645081      21.133684      56.058716       5.218911      58.428661       1.211933
           4.09      72.180443      20.824539      56.720100       5.054891      59.032997       1.183279
           4.10      72.715820      20.509579      57.388313       4.892203      59.643745       1.154348
           4.11      73.251190      20.188911      58.063347       4.730962      60.260960       1.125168
           4.12      73.786560      19.862694      58.745155       4.571340      60.884712       1.095733
           4.13      74.321922      19.531057      59.433815       4.413307      61.515030       1.066114
           4.14      74.857300      19.194177      60.129246       4.257087      62.152012       1.036266
           4.15      75.392670      18.852155      60.831524       4.102644      62.795635       1.006337
           4.16      75.928032      18.505126      61.540627       3.950102      63.446003       0.976275
           4.17      76.463409      18.153259      62.256527       3.799587      64.103142       0.946149
           4.18      76.998779      17.796651      62.979229       3.651171      64.767136       0.915940
           4.19      77.534149      17.435441      63.708752       3.504901      65.437973       0.885773
           4.20      78.069511      17.069746      64.445076       3.360883      66.115761       0.855594
           4.21      78.604889      16.699724      65.188194       3.219197      66.800507       0.825499
           4.22      79.140259      16.325463      65.938164       3.079829      67.492317       0.795434
           4.23      79.675629      15.947097      66.694908       2.942956      68.191162       0.765549
           4.24      80.210991      15.564732      67.458504       2.808533      68.897171       0.735759
           4.25      80.746368      15.178519      68.228889       2.676708      69.610352       0.706158
           4.26      81.281738      14.788539      69.006111       2.547474      70.330765       0.676758
           4.27      81.817108      14.394917      69.790123       2.420955      71.058449       0.647609
           4.28      82.352470      13.997752      70.580933       2.297191      71.793457       0.618735
           4.29      82.887848      13.597186      71.378593       2.176162      72.535881       0.590108
           4.30      83.423218      13.193295      72.183029       2.058022      73.285698       0.561859
           4.31      83.958588      12.786195      72.994308       1.942725      74.042992       0.533971
           4.32      84.493958      12.375990      73.812393       1.830368      74.807838       0.506437
           4.33      85.029327      11.962781      74.637276       1.721004      75.580269       0.479313
           4.34      85.564697      11.546669      75.468987       1.614634      76.360313       0.452653
           4.35      86.100067      11.127753      76.307495       1.511337      77.148048       0.426451
           4.36      86.635437      10.706130      77.152809       1.411141      77.943504       0.400760
           4.37      87.170807      10.281895      78.004967       1.314031      78.746765       0.375564
           4.38      87.706177       9.855142      78.863907       1.220119      79.557846       0.350936
           4.39      88.241547       9.425962      79.729668       1.129389      80.376793       0.326907
           4.40      88.776917       8.994448      80.602249       1.041870      81.203697       0.303452
           4.41      89.312286       8.560687      81.481644       0.957600      82.038551       0.280669
           4.42      89.847656       8.124766      82.367836       0.876624      82.881462       0.258514
           4.43      90.383026       7.686773      83.260841       0.798947      83.732460       0.237038
           4.44      90.918396       7.246791      84.160660       0.724594      84.591553       0.216315
           4.45      91.453766       6.804903      85.067307       0.653567      85.458855       0.196295
           4.46      91.989136       6.361190      85.980736       0.585941      86.334404       0.177016
           4.47      92.524506       5.915734      86.901009       0.521661      87.218216       0.158544
           4.48      93.059875       5.468611      87.828079       0.460800      88.110359       0.140880
           4.49      93.595245       5.019901      88.761963       0.403354      89.010902       0.124028
           4.50      94.130615       4.569678      89.702675       0.349320      89.919861       0.108048
           4.51      94.665985       4.118016      90.650169       0.298763      90.837296       0.092953
           4.52      95.201355       3.664990      91.604500       0.251634      91.763283       0.078735
           4.53      95.736725       3.210672      92.565628       0.207985      92.697838       0.065454
           4.54      96.272095       2.755130      93.533569       0.167809      93.641029       0.053113
           4.55      96.807465       2.298436      94.508339       0.131097      94.592926       0.041712
           4.56      97.342834       1.840657      95.489906       0.097888      95.553528       0.031327
           4.57      97.878204       1.381859      96.478294       0.068162      96.522919       0.021940
           4.58      98.413574       0.922109      97.473480       0.041947      97.501152       0.013570
           4.59      98.948944       0.461471      98.475494       0.019216      98.488274       0.006241
           4.60      99.484314       0.000008      99.484314       0.000008      99.484314       0.000008
           4.61     100.530602       0.046238     100.481087       0.003039     100.483322       0.000814
           4.62     101.576889       0.081647     101.488861       0.005085     101.492630       0.001372
           4.63     102.623177       0.106446     102.507645       0.006252     102.512321       0.001690
           4.64     103.669456       0.120836     103.537422       0.006679     103.542450       0.001823
           4.65     104.715752       0.125043     104.578209       0.006470     104.583122       0.001772
           4.66     105.762039       0.119246     105.629997       0.005751     105.634399       0.001583
           4.67     106.808319       0.103645     106.692787       0.004635     106.696365       0.001281
           4.68     107.854607       0.078449     107.766586       0.003225     107.769096       0.000896
           4.69     108.900894       0.043843     108.851379       0.001644     108.852676       0.000453
           4.70     109.947182       0.000018     109.947182       0.000018     109.947182       0.000018
           4.71     111.103500       0.046241     111.053986       0.001654     111.052078       0.000064
           4.72     112.259827       0.081650     112.171799       0.003171     112.168091       0.000134
           4.73     113.416145       0.106442     113.300613       0.004468     113.295334       0.000192
           4.74     114.572464       0.120832     114.440422       0.005446     114.433937       0.000221
           4.75     115.728783       0.125025     115.591248       0.006034     115.584000       0.000237
           4.76     116.885109       0.119229     116.739159       0.005787     116.745644       0.000232
           4.77     118.041420       0.103622     117.913727       0.004667     117.918991       0.000203
           4.78     119.197739       0.078419     119.100449       0.003266     119.104149       0.000159
           4.79     120.354057       0.043807     120.299332       0.001683     120.301247       0.000091
           4.80     121.510376       0.000024     121.510384       0.000018     121.510384       0.000018
           4.81     122.788315       0.046206     122.733589       0.001616     122.731476       0.000105
           4.82     124.066246       0.081610     123.968964       0.003134     123.964867       0.000171
           4.83     125.344185       0.106410     125.216492       0.004427     125.210678       0.000216
           4.84     126.622131       0.120814     126.476189       0.005416     126.469025       0.000249
           4.85     127.900063       0.125008     127.748047       0.006004     127.740051       0.000255
           4.86     129.178009       0.119218     129.016724       0.005786     129.023880       0.000240
           4.87     130.455933       0.103613     130.314819       0.004669     130.320633       0.000208
           4.88     131.733887       0.078429     131.626358       0.003261     131.630447       0.000154
           4.89     133.011826       0.043824     132.951340       0.001670     132.953445       0.000087
           4.90     134.289749       0.000013     134.289749       0.000013     134.289749       0.000013
           4.91     135.702087       0.046216     135.641617       0.001634     135.639282       0.000087
           4.92     137.114426       0.081624     137.006912       0.003148     137.002396       0.000149
           4.93     138.526779       0.106433     138.385651       0.004446     138.379211       0.000207
           4.94     139.939102       0.120818     139.777832       0.005435     139.769913       0.000231
           4.95     141.351440       0.125016     141.183441       0.006015     141.174622       0.000232
           4.96     142.763794       0.119229     142.585541       0.005779     142.593460       0.000225
           4.97     144.176132       0.103633     144.020157       0.004663     144.026596       0.000192
           4.98     145.588470       0.078436     145.469635       0.003252     145.474167       0.000137
           4.99     147.000809       0.043829     146.933960       0.001666     146.936295       0.000077
           5.00     148.413147       0.000002     148.413147       0.000002     148.413147       0.000002
           5.01     149.974014       0.046225     149.907181       0.001641     149.904602       0.000079
           5.02     151.534897       0.081638     151.416061       0.003153     151.411072       0.000143
           5.03     153.095779       0.106441     152.939804       0.004451     152.932709       0.000188
           5.04     154.656647       0.120831     154.478409       0.005444     154.469650       0.000226
           5.05     156.217529       0.125034     156.031860       0.006033     156.022095       0.000226
           5.06     157.778397       0.119231     157.581421       0.005761     157.590164       0.000213
           5.07     159.339279       0.103640     159.166916       0.004646     159.174011       0.000188
           5.08     160.900162       0.078447     160.768829       0.003240     160.773819       0.000137
           5.09     162.461029       0.043835     162.387161       0.001653     162.389740       0.000065
           5.10     164.021912       0.000013     164.021912       0.000013     164.021912       0.000013
           5.11     165.746948       0.046243     165.673080       0.001656     165.669907       0.000260
           5.12     167.471985       0.081652     167.340652       0.003168     167.334503       0.000507
           5.13     169.197006       0.106443     169.024643       0.004463     169.015915       0.000701
           5.14     170.922058       0.120849     170.725067       0.005458     170.714310       0.000844
           5.15     172.647079       0.125040     172.441895       0.006045     172.429886       0.000920
           5.16     174.372116       0.119243     174.175125       0.006137     174.162842       0.000916
           5.17     176.097153       0.103649     175.924774       0.005659     175.913361       0.000829
           5.18     177.822189       0.078453     177.690857       0.004539     177.681656       0.000639
           5.19     179.547226       0.043848     179.473358       0.002688     179.467880       0.000364
           5.20     181.272263       0.000022     181.272263       0.000022     181.272263       0.000022
           5.21     183.624176       0.289544     183.112213       0.009927     183.087967       0.003316
           5.22     185.976074       0.563395     184.973083       0.021045     184.921249       0.006983
           5.23     188.327972       0.821868     186.854828       0.033216     186.772369       0.010929
           5.24     190.679886       1.065248     188.757477       0.046322     188.641586       0.015103
           5.25     193.031784       1.293795     190.681015       0.060224     190.529175       0.019454
           5.26     195.383682       1.507788     192.625458       0.074806     192.435410       0.023930
           5.27     197.735596       1.707501     194.590790       0.089935     194.360550       0.028491
           5.28     200.087494       1.893183     196.577026       0.105501     196.304916       0.033069
           5.29     202.439392       2.065100     198.584152       0.121380     198.268707       0.037660
           5.30     204.791290       2.223507     200.612167       0.137458     200.252228       0.042209
           5.31     207.143204       2.368665     202.661087       0.153635     202.255753       0.046678
           5.32     209.495102       2.500805     204.730911       0.169804     204.279526       0.051048
           5.33     211.847000       2.620182     206.821609       0.185847     206.323837       0.055278
           5.34     214.198914       2.727041     208.933212       0.201679     208.388977       0.059330
           5.35     216.550812       2.821607     211.065720       0.217202     210.475174       0.063198
           5.36     218.902710       2.904120     213.219116       0.232316     212.582733       0.066842
           5.37     221.254623       2.974819     215.393402       0.246929     214.711899       0.070252
           5.38     223.606522       3.033915     217.588577       0.260953     216.862946       0.073405
           5.39     225.958420       3.081640     219.804672       0.274317     219.036133       0.076289
           5.40     228.310333       3.118222     222.041656       0.286923     221.231781       0.078864
           5.41     230.662231       3.143863     224.299530       0.298691     223.450089       0.081149
           5.42     233.014130       3.158784     226.578308       0.309551     225.691391       0.083100
           5.43     235.366043       3.163203     228.877975       0.319421     227.955902       0.084733
           5.44     237.717941       3.157315     231.198517       0.328221     230.243942       0.086015
           5.45     240.069855       3.141336     233.539978       0.335902     232.555756       0.086950
           5.46     242.421753       3.115456     235.902313       0.342375     234.891602       0.087536
           5.47     244.773651       3.079879     238.285553       0.347590     237.251755       0.087767
           5.48     247.125565       3.034807     240.689697       0.351482     239.636505       0.087629
           5.49     249.477463       2.980421     243.114731       0.353984     242.046127       0.087119
           5.50     251.829361       2.916916     245.560684       0.355051     244.480835       0.086259
           5.51     254.181259       2.844479     248.027496       0.354600     246.940948       0.085029
           5.52     256.533173       2.763300     250.515244       0.352609     249.426773       0.083416
           5.53     258.885071       2.673549     253.023865       0.349000     251.938492       0.081457
           5.54     261.236969       2.575409     255.553360       0.343724     254.476410       0.079143
           5.55     263.588867       2.469057     258.103760       0.336745     257.040802       0.076476
           5.56     265.940765       2.354666     260.675079       0.328021     259.631989       0.073441
           5.57     268.292664       2.232406     263.267273       0.317491     262.250122       0.070092
           5.58     270.644592       2.102458     265.880371       0.305124     264.895569       0.066399
           5.59     272.996490       1.964962     268.514404       0.290890     267.568573       0.062381
           5.60     275.348389       1.820094     271.169281       0.274716     270.269409       0.058044
           5.61     277.700287       1.668013     273.845062       0.256588     272.998322       0.053409
           5.62     280.052185       1.508878     276.541748       0.236471     275.755615       0.048474
           5.63     282.404083       1.342845     279.259308       0.214318     278.541534       0.043260
           5.64     284.755981       1.170065     281.997803       0.190120     281.356354       0.037778
           5.65     287.107910       0.990701     284.757141       0.163814     284.200378       0.032028
           5.66     289.459808       0.804879     287.537415       0.135402     287.073792       0.026055
           5.67     291.811707       0.612757     290.338562       0.104837     289.976959       0.019839
           5.68     294.163605       0.414478     293.160645       0.072111     292.910095       0.013415
           5.69     296.515503       0.210183     296.003571       0.037171     295.873505       0.006786
           5.70     298.867432       0.000022     298.867401       0.000012     298.867432       0.000022
           5.71     302.962494       0.361566     302.027527       0.051842     301.834930       0.011959
           5.72     307.057587       0.706024     305.219330       0.103128     304.833221       0.023504
           5.73     311.152649       1.033680     308.442810       0.153775     307.862701       0.034591
           5.74     315.247711       1.344846     311.697968       0.203686     310.923767       0.045202
           5.75     319.342804       1.639827     314.984863       0.252790     314.016785       0.055329
           5.76     323.437866       1.918894     318.303406       0.300968     317.142120       0.064966
           5.77     327.532928       2.182344     321.653687       0.348163     320.300140       0.074111
           5.78     331.627991       2.430461     325.035645       0.394273     323.491302       0.082731
           5.79     335.723083       2.663533     328.449310       0.439226     326.715942       0.090835
           5.80     339.818146       2.881817     331.894653       0.482936     329.974487       0.098405
           5.81     343.913239       3.085601     335.371674       0.525326     333.267242       0.105462
           5.82     348.008301       3.275135     338.880402       0.566335     336.594635       0.111991
           5.83     352.103363       3.450691     342.420837       0.605890     339.957062       0.117986
           5.84     356.198456       3.612538     345.992981       0.643926     343.354889       0.123454
           5.85     360.293518       3.760913     349.596771       0.680357     346.788513       0.128393
           5.86     364.388611       3.896085     353.232300       0.715149     350.258301       0.132811
           5.87     368.483673       4.018286     356.899506       0.748222     353.764648       0.136708
           5.88     372.578735       4.127769     360.598389       0.779519     357.307983       0.140079
           5.89     376.673798       4.224775     364.328979       0.808992     360.888580       0.142958
           5.90     380.768860       4.309541     368.091278       0.836587     364.506958       0.145318
           5.91     384.863922       4.382301     371.885254       0.862243     368.163330       0.147212
           5.92     388.959015       4.443295     375.710907       0.885912     371.858276       0.148597
           5.93     393.054108       4.492740     379.568268       0.907553     375.592041       0.149520
           5.94     397.149170       4.530852     383.457367       0.927129     379.365082       0.149973
           5.95     401.244232       4.557861     387.378113       0.944571     383.177704       0.149989
           5.96     405.339294       4.573983     383.974976       0.937824     387.030396       0.149552
           5.97     409.434387       4.579440     387.900879       0.920738     390.923431       0.148705
           5.98     413.529480       4.574435     391.875122       0.901576     394.857269       0.147443
           5.99     417.624542       4.559169     395.897705       0.880502     398.832275       0.145784
           6.00     421.719604       4.533852     399.968567       0.857692     402.848846       0.143742
           6.01     425.814697       4.498695     404.087830       0.833271     406.907349       0.141336
           6.02     429.909760       4.453880     408.255432       0.807406     411.008179       0.138580
           6.03     434.004822       4.399612     412.471283       0.780269     415.151703       0.135495
           6.04     438.099884       4.336082     416.735535       0.751965     419.338287       0.132104
           6.05     442.194977       4.263487     421.048157       0.722642     423.568390       0.128406
           6.06     446.290039       4.182000     425.409027       0.692466     427.842316       0.124439
           6.07     450.385101       4.091811     429.818329       0.661527     432.160461       0.120219
           6.08     454.480164       3.993103     434.275848       0.630002     436.523254       0.115755
           6.09     458.575256       3.886061     438.781830       0.597960     440.931061       0.111072
           6.10     462.670319       3.770846     443.336090       0.565567     445.384247       0.106192
           6.11     466.765381       3.647638     447.938660       0.532932     449.883270       0.101121
           6.12     470.860443       3.516608     452.589630       0.500150     454.428345       0.095917
           6.13     474.955566       3.377938     457.288849       0.467367     459.020050       0.090557
           6.14     479.050629       3.231765     462.036499       0.434651     463.658661       0.085087
           6.15     483.145691       3.078266     466.832397       0.402146     468.344543       0.079532
           6.16     487.240753       2.917601     471.676727       0.369916     473.078186       0.073892
           6.17     491.335846       2.749934     476.569305       0.338098     477.859833       0.068218
           6.18     495.430908       2.575409     481.510193       0.306775     482.690002       0.062504
           6.19     499.525970       2.394183     486.499512       0.276015     487.568970       0.056795
           6.20     503.621033       2.206409     491.537109       0.245940     492.497253       0.051085
           6.21     507.716095       2.012233     496.623108       0.216611     497.475037       0.045439
           6.22     511.811188       1.811809     501.757355       0.188145     502.502869       0.039844
           6.23     515.906250       1.605268     506.939972       0.160598     507.581146       0.034322
           6.24     520.001343       1.392762     512.170959       0.134049     512.710144       0.028916
           6.25     524.096436       1.174427     517.450256       0.108588     517.890259       0.023648
           6.26     528.191467       0.950386     522.777832       0.084293     523.121948       0.018524
           6.27     532.286560       0.720798     528.153809       0.061213     528.405518       0.013584
           6.28     536.381653       0.485784     533.578125       0.039429     533.741455       0.008831
           6.29     540.476685       0.245464     539.050781       0.019007     539.130066       0.004301
           6.30     544.571777       0.000011     544.571716       0.000022     544.571777       0.000011
           6.31     550.600220       0.100963     549.987854       0.010367     550.037231       0.001390
           6.32     556.628662       0.190028     555.468506       0.018794     555.558777       0.002545
           6.33     562.657166       0.267420     561.013550       0.025478     561.136841       0.003507
           6.34     568.685669       0.333353     566.623047       0.030556     566.772095       0.004259
           6.35     574.714172       0.388047     572.296997       0.034172     572.464966       0.004833
           6.36     580.742676       0.431719     578.035400       0.036469     578.216003       0.005236
           6.37     586.771179       0.464582     583.838318       0.037570     584.025818       0.005467
           6.38     592.799683       0.486849     589.705688       0.037621     589.894836       0.005559
           6.39     598.828125       0.498715     595.637512       0.036752     595.823730       0.005499
           6.40     604.856628       0.500407     601.633728       0.035097     601.812927       0.005322
           6.41     610.885132       0.492115     607.694458       0.032759     607.862976       0.005037
           6.42     616.913635       0.474038     613.819641       0.029868     613.974426       0.004659
           6.43     622.942078       0.446361     620.009277       0.026539     620.147888       0.004188
           6.44     628.970642       0.409307     626.263367       0.022884     626.383789       0.003660
           6.45     634.999146       0.363036     632.581909       0.019013     632.682739       0.003077
           6.46     641.027588       0.307736     638.964905       0.015032     639.045227       0.002463
           6.47     647.056091       0.243608     645.412476       0.011025     645.471802       0.001834
           6.48     653.084595       0.170826     651.924377       0.007129     651.963074       0.001194
           6.49     659.113098       0.089568     658.500732       0.003423     658.519470       0.000577
           6.50     665.141541       0.000000     665.141602       0.000009     665.141541       0.000000
           6.51     672.136902       0.046229     671.846863       0.003057     672.136414       0.046156
           6.52     679.132324       0.081646     678.616638       0.005651     679.155884       0.085118
           6.53     686.127686       0.106445     685.450867       0.007696     686.190857       0.115661
           6.54     693.122986       0.120832     692.349548       0.009110     693.231995       0.136578
           6.55     700.118347       0.125031     699.312622       0.009803     700.270203       0.146748
           6.56     707.113708       0.119233     706.340210       0.009715     707.296265       0.145081
           6.57     714.109070       0.103639     713.432251       0.008762     714.300964       0.130538
           6.58     721.104431       0.078442     720.588806       0.006881     721.275146       0.102134
           6.59     728.099792       0.043835     727.809753       0.003983     728.209656       0.058931
           6.60     735.095154       0.000009     735.095154       0.000009     735.095215       0.000017
           6.61     726.928162       2.094964     740.422729       0.277472     738.345093       0.557295
           6.62     718.761047       4.158164     745.446960       0.599781     740.964844       1.197441
           6.63     710.593994       6.189991     750.168091       0.965564     742.967346       1.916180
           6.64     702.426880       8.190880     754.585815       1.373564     744.365173       2.709430
           6.65     694.259827      10.161231     758.700378       1.822480     745.171204       3.573185
           6.66     686.092712      12.101469     762.511719       2.311074     745.398071       4.503583
           6.67     677.925659      14.011982     766.019775       2.838134     745.058472       5.496863
           6.68     669.758545      15.893185     769.224548       3.402462     744.165283       6.549350
           6.69     661.591431      17.745465     772.126160       4.002871     742.731140       7.657504
           6.70     653.424377      19.569204     774.724487       4.638227     740.768799       8.817874
           6.71     645.257324      21.364794     777.019531       5.307404     738.291016      10.027110
           6.72     637.090210      23.132621     779.011414       6.009283     735.310425      11.281975
           6.73     628.923096      24.873053     780.699951       6.742804     731.839905      12.579299
           6.74     620.756042      26.586453     782.085327       7.506888     727.892090      13.916037
           6.75     612.588928      28.273201     783.167542       8.300495     723.479736      15.289220
           6.76     604.421814      29.933650     783.946289       9.122646     718.615479      16.695985
           6.77     596.254761      31.568150     784.422119       9.972280     713.312195      18.133529
           6.78     588.087708      33.177060     784.594360      10.848499     707.582703      19.599142
           6.79     579.920593      34.760735     784.463440      11.750300     701.439514      21.090234
           6.80     571.753479      36.319509     784.029419      12.676739     694.895386      22.604268
           6.81     563.586365      37.853723     783.292053      13.626929     687.963196      24.138776
           6.82     555.419312      39.363703     782.251465      14.599959     680.655640      25.691389
           6.83     547.252258      40.849787     780.907532      15.594963     672.985352      27.259821
           6.84     539.085144      42.312307     779.260559      16.611051     664.965210      28.841836
           6.85     530.918030      43.751579     777.310242      17.647412     656.607666      30.435317
           6.86     522.750977      45.167914     775.056641      18.703217     647.925903      32.038139
           6.87     514.583862      46.561638     772.500000      19.777635     638.932190      33.648348
           6.88     506.416779      47.933053     769.639771      20.869934     629.639526      35.263978
           6.89     498.249725      49.282463     766.476624      21.979272     620.060669      36.883157
           6.90     490.082611      50.610181     763.010010      23.104952     610.208130      38.504105
           6.91     481.915527      51.916495     759.240295      24.246196     600.094971      40.125048
           6.92     473.748413      53.201706     755.167175      25.402314     589.733582      41.744343
           6.93     465.581360      54.466096     750.791016      26.572563     579.136902      43.360352
           6.94     457.414276      55.709960     746.111511      27.756280     568.317688      44.971518
           6.95     449.247162      56.933581     741.128723      28.952785     557.288513      46.576356
           6.96     441.080078      58.137235     735.842773      30.161404     546.062134      48.173422
           6.97     432.913025      59.321196     730.253418      31.381515     534.651550      49.761304
           6.98     424.745911      60.485746     724.361023      32.612452     523.069031      51.338713
           6.99     416.578827      61.631146     718.165222      33.853631     511.327698      52.904333
           7.00     408.411713      62.757667     711.666321      35.104422     499.440216      54.456941
           7.01     400.244659      63.865563     704.864014      36.364262     487.419220      55.995368
           7.02     392.077576      64.955102     697.758667      37.632542     475.277435      57.518485
           7.03     383.910461      66.026538     690.349854      38.908738     463.027679      59.025203
           7.04     375.743408      67.080117     682.637878      40.192273     450.682587      60.514496
           7.05     367.576294      68.116098     674.622742      41.482610     438.255035      61.985360
           7.06     359.409210      69.134720     666.304443      42.779225     425.757568      63.436867
           7.07     351.242126      70.136227     657.682678      44.081633     413.203125      64.868097
           7.08     343.075043      71.120860     648.757690      45.389311     400.604340      66.278197
           7.09     334.907959      72.088855     639.529480      46.701774     387.973846      67.666357
           7.10     326.740845      73.040448     629.998230      48.018528     375.324524      69.031784
           7.11     318.573761      73.975865     620.163452      49.339150     362.669098      70.373739
           7.12     310.406677      74.895336     610.025574      50.663152     350.020172      71.691528
           7.13     302.239594      75.799086     599.584595      51.990092     337.390625      72.984474
           7.14     294.072510      76.687337     588.840210      53.319562     324.793152      74.251951
           7.15     285.905426      77.560307     577.792480      54.651137     312.240448      75.493365
           7.16     277.738312      78.418215     566.441650      55.984387     299.745270      76.708154
           7.17     269.571259      79.261267     554.787476      57.318932     287.320312      77.895792
           7.18     261.404175      80.089682     542.830078      58.654372     274.978394      79.055777
           7.19     253.237061      80.903666     530.569580      59.990319     262.732147      80.187652
           7.20     245.069992      81.703419     518.005859      61.326412     250.594345      81.290979
           7.21     236.902893      82.489150     505.138672      62.662308     238.577759      82.365352
           7.22     228.735809      83.261056     491.968292      63.997636     226.695099      83.410395
           7.23     220.568710      84.019334     478.494659      65.332058     214.959030      84.425767
           7.24     212.401642      84.764178     464.717865      66.665236     203.382370      85.411141
           7.25     204.234543      85.495784     450.637939      67.996843     191.977905      86.366219
           7.26     196.067459      86.214337     436.254578      69.326585     180.758209      87.290743
           7.27     187.900360      86.920029     421.567993      70.654142     169.736099      88.184465
           7.28     179.733276      87.613040     406.578247      71.979210     158.924332      89.047163
           7.29     171.566193      88.293556     391.285187      73.301510     148.335602      89.878644
           7.30     163.399109      88.961755     375.688904      74.620754     137.982666      90.678734
           7.31     155.232010      89.617817     359.789459      75.936664     127.878250      91.447283
           7.32     147.064926      90.261915     343.586670      77.248986     118.035057      92.184163
           7.33     138.897842      90.894223     327.080658      78.557453     108.465889      92.889262
           7.34     130.730743      91.514913     310.271393      79.861816      99.183426      93.562494
           7.35     122.563660      92.124152     293.158905      81.161830      90.200394      94.203791
           7.36     114.396576      92.722106     275.743195      82.457258      81.529526      94.813103
           7.37     106.229485      93.308942     258.024231      83.747872      73.183617      95.390396
           7.38      98.062393      93.884820     240.001968      85.033454      65.175339      95.935659
           7.39      89.895309      94.449899     221.676483      86.313781      57.517429      96.448897
           7.40      81.728226      95.004339     203.047775      87.588647      50.222641      96.930127
           7.41      73.561134      95.548295     184.115845      88.857847      43.303711      97.379386
           7.42      65.394043      96.081921     164.880646      90.121189      36.773346      97.796728
           7.43      57.226959      96.605368     145.342163      91.378483      30.644308      98.182218
           7.44      49.059868      97.118786     125.500496      92.629540      24.929316      98.535938
           7.45      40.892784      97.622323     105.355598      93.874186      19.641100      98.857985
           7.46      32.725697      98.116125      84.907410      95.112252      14.792395      99.148467
           7.47      24.558607      98.600335      64.155998      96.343568      10.395938      99.407506
           7.48      16.391520      99.075096      43.101334      97.567975       6.464461      99.635238
           7.49       8.224431      99.540548      21.743439      98.785318       3.010695      99.831810
           7.50       0.057344      99.996828       0.082289      99.995449       0.047375      99.997380
           7.51       0.057734      99.996839       0.057796      99.996835      -0.069220     100.003790
           7.52       0.073082      99.996038       0.073193      99.996032      -0.140932     100.007640
           7.53       0.088430      99.995254       0.088575      99.995246      -0.176943     100.009497
           7.54       0.103778      99.994485       0.103944      99.994476      -0.181715     100.009656
           7.55       0.119125      99.993733       0.119298      99.993724      -0.159712     100.008403
           7.56       0.134473      99.992996       0.134639      99.992987      -0.115397     100.006011
           7.57       0.149821      99.992274       0.149966      99.992266      -0.053234     100.002745
           7.58       0.165169      99.991567       0.165280      99.991561       0.022315      99.998861
           7.59       0.180516      99.990875       0.180579      99.990872       0.106786      99.994602
           7.60       0.195864      99.990198       0.195864      99.990198       0.195715      99.990205
           7.61       0.211074      99.989542       0.211136      99.989539       0.209435      99.989623
           7.62       0.226283      99.988900       0.226394      99.988894       0.223092      99.989056
           7.63       0.241493      99.988272       0.241638      99.988265       0.236942      99.988493
           7.64       0.256702      99.987657       0.256868      99.987649       0.251087      99.987927
           7.65       0.271911      99.987056       0.272084      99.987048       0.265631      99.987355
           7.66       0.287121      99.986468       0.287287      99.986460       0.280677      99.986771
           7.67       0.302330      99.985893       0.302475      99.985886       0.296329      99.986173
           7.68       0.317539      99.985330       0.317650      99.985325       0.312689      99.985555
           7.69       0.332749      99.984781       0.332811      99.984778       0.329862      99.984913
           7.70       0.347958      99.984244       0.347958      99.984244       0.347950      99.984244
           7.71       0.373333      99.983263       0.399095      99.982108       0.379879      99.982969
           7.72       0.398731      99.982302       0.444582      99.980267       0.412181      99.981705
           7.73       0.424129      99.981362       0.484334      99.978716       0.444153      99.980482
           7.74       0.449527      99.980442       0.518350      99.977448       0.475118      99.979329
           7.75       0.474925      99.979543       0.546629      99.976454       0.504403      99.978273
           7.76       0.500323      99.978663       0.569173      99.975727       0.531330      99.977341
           7.77       0.525721      99.977803       0.585980      99.975259       0.555224      99.976558
           7.78       0.551119      99.976963       0.597051      99.975043       0.575411      99.975947
           7.79       0.576517      99.976141       0.602387      99.975070       0.591214      99.975532
           7.80       0.601915      99.975337       0.601986      99.975335       0.601958      99.975336
           7.81       0.570092      99.976874       0.595849      99.975829       0.570024      99.976876
           7.82       0.538128      99.978388       0.583976      99.976546       0.533828      99.978560
           7.83       0.506164      99.979874       0.566366      99.977480       0.495028      99.980316
           7.84       0.474200      99.981332       0.543021      99.978623       0.455196      99.982080
           7.85       0.442235      99.982764       0.513940      99.979969       0.415898      99.983790
           7.86       0.410271      99.984169       0.479122      99.981512       0.378705      99.985387
           7.87       0.378307      99.985547       0.438569      99.983245       0.345185      99.986813
           7.88       0.346343      99.986900       0.392279      99.985163       0.316907      99.988014
           7.89       0.314379      99.988227       0.340254      99.987259       0.295439      99.988937
           7.90       0.282414      99.989530       0.282492      99.989527       0.282351      99.989532
           7.91       0.349710      99.987164       0.402033      99.985243       0.340589      99.987499
           7.92       0.417274      99.984836       0.510423      99.981451       0.406792      99.985217
           7.93       0.484838      99.982556       0.607158      99.978155       0.478632      99.982779
           7.94       0.552402      99.980323       0.692237      99.975342       0.553949      99.980268
           7.95       0.619966      99.978136       0.765662      99.972998       0.630581      99.977762
           7.96       0.687530      99.975995       0.827431      99.971110       0.706368      99.975337
           7.97       0.755094      99.973898       0.877546      99.969665       0.779150      99.973066
           7.98       0.822658      99.971845       0.916005      99.968651       0.846765      99.971020
           7.99       0.890222      99.969836       0.942810      99.968054       0.907052      99.969266
           8.00       0.957786      99.967870       0.957959      99.967864       0.957852      99.967868
           8.01       0.909143      99.969805       0.961454      99.968068       0.926286      99.969236
           8.02       0.860154      99.971716       0.953293      99.968654       0.884982      99.970900
           8.03       0.811164      99.973593       0.933478      99.969611       0.836292      99.972775
           8.04       0.762174      99.975434       0.902007      99.970927       0.782353      99.974784
           8.05       0.713185      99.977242       0.858882      99.972593       0.725302      99.976855
           8.06       0.664195      99.979016       0.804101      99.974596       0.667278      99.978919
           8.07       0.615206      99.980757       0.737666      99.976927       0.610418      99.980907
           8.08       0.566216      99.982466       0.659575      99.979575       0.556859      99.982756
           8.09       0.517226      99.984142       0.569830      99.982530       0.508738      99.984403
           8.10       0.468237      99.985787       0.468429      99.985781       0.468194      99.985788
           8.11       0.516138      99.984489       0.541270      99.983734       0.497721      99.985043
           8.12       0.564360      99.983209       0.609114      99.981877       0.535644      99.984063
           8.13       0.612581      99.981955       0.671358      99.980224       0.580228      99.982908
           8.14       0.660803      99.980729       0.728001      99.978769       0.629941      99.981629
           8.15       0.709024      99.979528       0.779042      99.977506       0.683252      99.980272
           8.16       0.757246      99.978353       0.824483      99.976431       0.738628      99.978885
           8.17       0.805468      99.977204       0.864322      99.975538       0.794537      99.977513
           8.18       0.853689      99.976079       0.898560      99.974822       0.849447      99.976198
           8.19       0.901911      99.974980       0.927198      99.974278       0.901826      99.974982
           8.20       0.950133      99.973904       0.950234      99.973901       0.950142      99.973904
           8.21       0.942545      99.974370       0.975186      99.973483       0.970424      99.973612
           8.22       0.934753      99.974835       0.992891      99.973270       0.984857      99.973486
           8.23       0.926962      99.975293       1.003320      99.973258       0.993354      99.973524
           8.24       0.919172      99.975745       1.006472      99.973441       0.995747      99.973724
           8.25       0.911380      99.976189       1.002347      99.973813       0.991870      99.974087
           8.26       0.903589      99.976628       0.990945      99.974368       0.981555      99.974611
           8.27       0.895798      99.977060       0.972267      99.975102       0.964634      99.975297
           8.28       0.888007      99.977486       0.946312      99.976007       0.940940      99.976144
           8.29       0.880216      99.977905       0.913081      99.977080       0.910305      99.977150
           8.30       0.872425      99.978319       0.872572      99.978315       0.872561      99.978315
           8.31       0.792158      99.980509       0.824787      99.979707       0.788050      99.980610
           8.32       0.711597      99.982666       0.769726      99.981250       0.698326      99.982989
           8.33       0.631036      99.984781       0.707387      99.982940       0.605787      99.985390
           8.34       0.550475      99.986856       0.637772      99.984772       0.512668      99.987759
           8.35       0.469913      99.988891       0.560880      99.986741       0.421204      99.990043
           8.36       0.389352      99.990887       0.476711      99.988843       0.333630      99.992192
           8.37       0.308791      99.992845       0.385266      99.991073       0.252181      99.994157
           8.38       0.228230      99.994764       0.286544      99.993426       0.179092      99.995891
           8.39       0.147668      99.996646       0.180545      99.995899       0.116599      99.997352
           8.40       0.067107      99.998491       0.067269      99.998487       0.066937      99.998495
           8.41       0.136640      99.996958       0.173004      99.996148       0.107159      99.997614
           8.42       0.206846      99.995441       0.271642      99.994013       0.160487      99.996463
           8.43       0.277051      99.993954       0.362167      99.992097       0.224265      99.995106
           8.44       0.347257      99.992498       0.444580      99.990395       0.296172      99.993601
           8.45       0.417463      99.991070       0.518880      99.988901       0.373891      99.992002
           8.46       0.487668      99.989673       0.585068      99.987610       0.455102      99.990362
           8.47       0.557874      99.988303       0.643143      99.986516       0.537488      99.988731
           8.48       0.628080      99.986962       0.693105      99.985613       0.618728      99.987157
           8.49       0.698285      99.985649       0.734955      99.984896       0.696506      99.985686
           8.50       0.768491      99.984364       0.768693      99.984360       0.768500      99.984363
           8.51       0.757970      99.984731       0.794317      99.983999       0.775055      99.984387
           8.52       0.747046      99.985101       0.811830      99.983809       0.774374      99.984556
           8.53       0.736122      99.985465       0.821229      99.983784       0.767921      99.984837
           8.54       0.725197      99.985823       0.822516      99.983921       0.756869      99.985204
           8.55       0.714273      99.986176       0.815691      99.984213       0.742390      99.985631
           8.56       0.703349      99.986522       0.800752      99.984656       0.725658      99.986095
           8.57       0.692424      99.986864       0.777702      99.985246       0.707846      99.986571
           8.58       0.681500      99.987200       0.746538      99.985978       0.690127      99.987038
           8.59       0.670576      99.987530       0.707263      99.986848       0.673674      99.987473
           8.60       0.659651      99.987855       0.659874      99.987851       0.659659      99.987855
           8.61       0.684714      99.987519       0.725947      99.986768       0.689559      99.987431
           8.62       0.709975      99.987188       0.783487      99.985861       0.722027      99.986970
           8.63       0.735236      99.986864       0.831819      99.985138       0.755555      99.986501
           8.64       0.760498      99.986548       0.870944      99.984594       0.788861      99.986046
           8.65       0.785759      99.986239       0.900862      99.984223       0.820662      99.985628
           8.66       0.811020      99.985938       0.921573      99.984021       0.849677      99.985268
           8.67       0.836282      99.985644       0.933076      99.983983       0.874622      99.984986
           8.68       0.861543      99.985358       0.935372      99.984103       0.894214      99.984803
           8.69       0.886804      99.985079       0.928461      99.984378       0.907172      99.984736
           8.70       0.912066      99.984806       0.912342      99.984802       0.912213      99.984804
           8.71       0.845802      99.986050       0.887016      99.985371       0.880137      99.985484
           8.72       0.778985      99.987280       0.852483      99.986080       0.839099      99.986299
           8.73       0.712168      99.988487       0.808742      99.986926       0.789691      99.987234
           8.74       0.645351      99.989671       0.755794      99.987903       0.732330      99.988279
           8.75       0.578534      99.990832       0.693639      99.989009       0.667437      99.989424
           8.76       0.511717      99.991972       0.622276      99.990237       0.595431      99.990659
           8.77       0.444900      99.993090       0.541706      99.991586       0.516731      99.991974
           8.78       0.378083      99.994186       0.451929      99.993050       0.431756      99.993361
           8.79       0.311266      99.995261       0.352945      99.994626       0.340926      99.994809
           8.80       0.244448      99.996315       0.244753      99.996311       0.244661      99.996312
           8.81       0.246270      99.996325       0.242269      99.996385       0.193795      99.997108
           8.82       0.248549      99.996328       0.240657      99.996444       0.146000      99.997843
           8.83       0.250828      99.996331       0.239181      99.996501       0.100915      99.998524
           8.84       0.253107      99.996334       0.237841      99.996556       0.058490      99.999153
           8.85       0.255386      99.996338       0.236638      99.996607       0.018673      99.999732
           8.86       0.257665      99.996342       0.235572      99.996656      -0.018584     100.000264
           8.87       0.259944      99.996347       0.234642      99.996702      -0.053331     100.000750
           8.88       0.262223      99.996351       0.233849      99.996746      -0.085620     100.001191
           8.89       0.264502      99.996356       0.233192      99.996788      -0.115500     100.001591
           8.90       0.266781      99.996361       0.232671      99.996827      -0.143021     100.001951
           8.91       0.269060      99.996367       0.232288      99.996863      -0.168233     100.002272
           8.92       0.271338      99.996373       0.232040      99.996898      -0.191187     100.002556
           8.93       0.273617      99.996378       0.231930      99.996930      -0.211932     100.002805
           8.94       0.275896      99.996385       0.231955      99.996960      -0.230519     100.003021
           8.95       0.278175      99.996391       0.232118      99.996989      -0.246998     100.003204
           8.96       0.280454      99.996398       0.232416      99.997015      -0.261418     100.003358
           8.97       0.282733      99.996405       0.232852      99.997039      -0.273831     100.003482
           8.98       0.285012      99.996412       0.233424      99.997061      -0.284286     100.003579
           8.99       0.287291      99.996419       0.234132      99.997082      -0.292833     100.003650
           9.00       0.289570      99.996426       0.234977      99.997100      -0.299522     100.003696
           9.01       0.291849      99.996434       0.235958      99.997117      -0.304405     100.003719
           9.02       0.294128      99.996442       0.237076      99.997132      -0.307529     100.003720
           9.03       0.296407      99.996450       0.238331      99.997146      -0.308947     100.003700
           9.04       0.298686      99.996458       0.239722      99.997158      -0.308707     100.003660
           9.05       0.300965      99.996467       0.241249      99.997168      -0.306861     100.003602
           9.06       0.303244      99.996476       0.242913      99.997177      -0.303458     100.003527
           9.07       0.305523      99.996484       0.244714      99.997184      -0.298547     100.003435
           9.08       0.307801      99.996493       0.246651      99.997190      -0.292181     100.003329
           9.09       0.310080      99.996503       0.248725      99.997195      -0.284408     100.003208
           9.10       0.312359      99.996512       0.250935      99.997198      -0.275278     100.003074
           9.11       0.314638      99.996522       0.253281      99.997200      -0.264843     100.002928
           9.12       0.316917      99.996531       0.255765      99.997201      -0.253151     100.002771
           9.13       0.319196      99.996541       0.258384      99.997200      -0.240253     100.002604
           9.14       0.321475      99.996551       0.261140      99.997198      -0.226199     100.002427
           9.15       0.323754      99.996561       0.264033      99.997195      -0.211040     100.002242
           9.16       0.326033      99.996571       0.267063      99.997191      -0.194825     100.002049
           9.17       0.328312      99.996582       0.270228      99.997186      -0.177604     100.001849
           9.18       0.330591      99.996592       0.273531      99.997180      -0.159429     100.001643
           9.19       0.332870      99.996603       0.276970      99.997173      -0.140347     100.001432
           9.20       0.335149      99.996614       0.280545      99.997165      -0.120411     100.001217
           9.21       0.337428      99.996625       0.284257      99.997156      -0.099670     100.000997
           9.22       0.339707      99.996636       0.288105      99.997147      -0.078174     100.000774
           9.23       0.341985      99.996647       0.292090      99.997136      -0.055973     100.000549
           9.24       0.344264      99.996658       0.296212      99.997124      -0.033118     100.000321
           9.25       0.346543      99.996669       0.300470      99.997112      -0.009658     100.000093
           9.26       0.348822      99.996681       0.304864      99.997099       0.014357      99.999863
           9.27       0.351101      99.996692       0.309395      99.997085       0.038875      99.999634
           9.28       0.353380      99.996704       0.314063      99.997071       0.063848      99.999404
           9.29       0.355659      99.996716       0.318867      99.997055       0.089225      99.999176
           9.30       0.357938      99.996728       0.323808      99.997040       0.114955      99.998949
           9.31       0.360217      99.996740       0.328885      99.997023       0.140990      99.998724
           9.32       0.362496      99.996752       0.334098      99.997006       0.167278      99.998501
           9.33       0.364775      99.996764       0.339448      99.996988       0.193769      99.998281
           9.34       0.367054      99.996776       0.344935      99.996970       0.220414      99.998064
           9.35       0.369333      99.996788       0.350558      99.996951       0.247162      99.997851
           9.36       0.371612      99.996800       0.356318      99.996932       0.273964      99.997641
           9.37       0.373891      99.996813       0.362214      99.996912       0.300768      99.997436
           9.38       0.376170      99.996825       0.368247      99.996892       0.327525      99.997236
           9.39       0.378448      99.996838       0.374417      99.996872       0.354185      99.997041
           9.40       0.380727      99.996850       0.380722      99.996851       0.380698      99.996851
           9.41       0.389824      99.996807       0.387165      99.996829       0.407013      99.996667
           9.42       0.398929      99.996765       0.393744      99.996807       0.433081      99.996488
           9.43       0.408033      99.996724       0.400459      99.996785       0.458851      99.996316
           9.44       0.417138      99.996685       0.407311      99.996763       0.484273      99.996151
           9.45       0.426243      99.996646       0.414300      99.996740       0.509297      99.995992
           9.46       0.435348      99.996608       0.421425      99.996717       0.533873      99.995841
           9.47       0.444453      99.996572       0.428686      99.996693       0.557951      99.995696
           9.48       0.453557      99.996536       0.436084      99.996670       0.581480      99.995560
           9.49       0.462662      99.996502       0.443619      99.996646       0.604411      99.995430
           9.50       0.471767      99.996469       0.451290      99.996622       0.626694      99.995309
           9.51       0.480872      99.996436       0.459097      99.996598       0.648278      99.995196
           9.52       0.489977      99.996405       0.467041      99.996573       0.669113      99.995091
           9.53       0.499081      99.996375       0.475122      99.996549       0.689148      99.994994
           9.54       0.508186      99.996345       0.483339      99.996524       0.708335      99.994906
           9.55       0.517291      99.996317       0.491693      99.996499       0.726623      99.994826
           9.56       0.526396      99.996289       0.500183      99.996474       0.743962      99.994756
           9.57       0.535501      99.996263       0.508810      99.996449       0.760300      99.994694
           9.58       0.544605      99.996237       0.517573      99.996424       0.775590      99.994641
           9.59       0.553710      99.996212       0.526473      99.996398       0.789780      99.994597
           9.60       0.562815      99.996188       0.535509      99.996373       0.802819      99.994563
           9.61       0.571920      99.996165       0.544682      99.996348       0.814659      99.994537
           9.62       0.581025      99.996143       0.553992      99.996322       0.825249      99.994521
           9.63       0.590129      99.996121       0.563438      99.996297       0.834539      99.994515
           9.64       0.599234      99.996101       0.573020      99.996271       0.842479      99.994518
           9.65       0.608339      99.996081       0.582739      99.996246       0.849018      99.994530
           9.66       0.617444      99.996062       0.592594      99.996220       0.854106      99.994552
           9.67       0.626549      99.996043       0.602586      99.996195       0.857694      99.994584
           9.68       0.635653      99.996026       0.612715      99.996169       0.859731      99.994625
           9.69       0.644758      99.996009       0.622980      99.996144       0.860167      99.994676
           9.70       0.653863      99.995993       0.633381      99.996118       0.858952      99.994736
           9.71       0.662968      99.995978       0.643920      99.996093       0.856036      99.994806
           9.72       0.672073      99.995963       0.654594      99.996068       0.851368      99.994886
           9.73       0.681177      99.995949       0.665405      99.996043       0.844899      99.994975
           9.74       0.690282      99.995936       0.676353      99.996018       0.836579      99.995074
           9.75       0.699387      99.995923       0.687437      99.995993       0.826357      99.995183
           9.76       0.708492      99.995911       0.698658      99.995968       0.814183      99.995301
           9.77       0.717597      99.995900       0.710015      99.995943       0.800008      99.995429
           9.78       0.726701      99.995889       0.721509      99.995918       0.783780      99.995566
           9.79       0.735806      99.995879       0.733139      99.995894       0.765450      99.995713
           9.80       0.744911      99.995869       0.744906      99.995869       0.744968      99.995869
