             x      Linear LP     L_Error(%)   Quadratic LP     Q_Error(%)       Cubic LP     C_Error(%) 
           1.01       6.010000       0.000004       6.010000       0.000004       6.010000       0.000004
           1.02       6.020000       0.000000       6.020000       0.000000       6.020000       0.000000
           1.03       6.030000       0.000003       6.030000       0.000004       6.030000       0.000003
           1.04       6.040000       0.000001       6.040000       0.000001       6.040000       0.000001
           1.05       6.050000       0.000005       6.050000       0.000005       6.050000       0.000005
           1.06       6.060000       0.000001       6.060000       0.000001       6.060000       0.000001
           1.07       6.070000       0.000005       6.070000       0.000003       6.070000       0.000003
           1.08       6.080000       0.000001       6.080000       0.000001       6.080000       0.000007
           1.09       6.090000       0.000005       6.090000       0.000005       6.090000       0.000003
           1.10       6.100000       0.000002       6.100000       0.000002       6.100000       0.000002
           1.11       6.110000       0.000006       6.110000       0.000002       6.110000       0.000006
           1.12       6.120000       0.000002       6.120000       0.000002       6.120000       0.000002
           1.13       6.130000       0.000006       6.130000       0.000006       6.130000       0.000006
           1.14       6.140000       0.000002       6.140000       0.000002       6.140000       0.000002
           1.15       6.150000       0.000002       6.150000       0.000002       6.150000       0.000006
           1.16       6.160000       0.000002       6.160000       0.000002       6.160000       0.000002
           1.17       6.170000       0.000006       6.170000       0.000001       6.170000       0.000006
           1.18       6.180000       0.000003       6.180000       0.000003       6.180000       0.000003
           1.19       6.190000       0.000007       6.190000       0.000007       6.190000       0.000001
           1.20       6.200000       0.000003       6.200000       0.000003       6.200000       0.000003
           1.21       6.210000       0.000001       6.210000       0.000007       6.210000       0.000007
           1.22       6.220000       0.000003       6.220000       0.000003       6.220000       0.000003
           1.23       6.230000       0.000007       6.230000       0.000000       6.230000       0.000000
           1.24       6.240000       0.000004       6.240000       0.000004       6.240000       0.000004
           1.25       6.250000       0.000000       6.250000       0.000000       6.250000       0.000000
           1.26       6.260000       0.000004       6.260000       0.000004       6.260000       0.000004
           1.27       6.270000       0.000000       6.270000       0.000000       6.270000       0.000000
           1.28       6.280000       0.000003       6.280000       0.000003       6.280000       0.000003
           1.29       6.290000       0.000007       6.290000       0.000001       6.290000       0.000001
           1.30       6.300000       0.000003       6.300000       0.000003       6.300000       0.000003
           1.31       6.310000       0.000007       6.310000       0.000001       6.310000       0.000007
           1.32       6.320000       0.000003       6.320000       0.000003       6.320000       0.000003
           1.33       6.330000       0.000006       6.330000       0.000001       6.330000       0.000006
           1.34       6.340000       0.000003       6.340000       0.000003       6.340001       0.000010
           1.35       6.350000       0.000006       6.350000       0.000006       6.350000       0.000001
           1.36       6.360000       0.000002       6.360000       0.000002       6.360000       0.000002
           1.37       6.370000       0.000006       6.370000       0.000006       6.370000       0.000006
           1.38       6.380000       0.000002       6.380000       0.000002       6.380000       0.000002
           1.39       6.390000       0.000002       6.390000       0.000002       6.390000       0.000002
           1.40       6.400000       0.000002       6.400000       0.000002       6.400000       0.000002
           1.41       6.410000       0.000002       6.410000       0.000002       6.410000       0.000002
           1.42       6.420000       0.000001       6.420000       0.000001       6.420000       0.000001
           1.43       6.430000       0.000005       6.430000       0.000005       6.430000       0.000003
           1.44       6.440000       0.000001       6.440000       0.000001       6.440000       0.000001
           1.45       6.450000       0.000003       6.450000       0.000003       6.450000       0.000003
           1.46       6.460000       0.000001       6.460000       0.000001       6.460000       0.000001
           1.47       6.470000       0.000004       6.470000       0.000003       6.470000       0.000004
           1.48       6.480000       0.000000       6.480000       0.000000       6.480000       0.000000
           1.49       6.490000       0.000003       6.490000       0.000004       6.490000       0.000004
           1.50       6.500000       0.000000       6.500000       0.000000       6.500000       0.000000
           1.51       6.510000       0.000004       6.510000       0.000004       6.510000       0.000004
           1.52       6.520000       0.000000       6.520000       0.000000       6.520000       0.000000
           1.53       6.530000       0.000004       6.530000       0.000004       6.530000       0.000003
           1.54       6.540000       0.000000       6.540000       0.000000       6.540000       0.000000
           1.55       6.550000       0.000004       6.550000       0.000004       6.550000       0.000004
           1.56       6.560000       0.000001       6.560000       0.000001       6.560000       0.000001
           1.57       6.570000       0.000004       6.570000       0.000003       6.570000       0.000003
           1.58       6.580000       0.000001       6.580000       0.000001       6.580000       0.000001
           1.59       6.590000       0.000003       6.590000       0.000003       6.590000       0.000003
           1.60       6.600000       0.000001       6.600000       0.000001       6.600000       0.000001
           1.61       6.610000       0.000005       6.610000       0.000002       6.610000       0.000002
           1.62       6.620000       0.000002       6.620000       0.000002       6.620000       0.000002
           1.63       6.630000       0.000005       6.630000       0.000002       6.630000       0.000002
           1.64       6.640000       0.000002       6.640000       0.000002       6.640000       0.000002
           1.65       6.650000       0.000006       6.650000       0.000006       6.650000       0.000006
           1.66       6.660000       0.000002       6.660000       0.000002       6.660000       0.000002
           1.67       6.670000       0.000006       6.670000       0.000006       6.670000       0.000006
           1.68       6.680000       0.000002       6.680000       0.000002       6.680000       0.000002
           1.69       6.690000       0.000006       6.690000       0.000001       6.690000       0.000006
           1.70       6.700000       0.000003       6.700000       0.000003       6.700000       0.000003
           1.71       6.710000       0.000006       6.710000       0.000001       6.710000       0.000001
           1.72       6.720000       0.000003       6.720000       0.000003       6.720000       0.000003
           1.73       6.730000       0.000001       6.730000       0.000001       6.730000       0.000007
           1.74       6.740000       0.000003       6.740000       0.000003       6.740000       0.000004
           1.75       6.750000       0.000000       6.750000       0.000000       6.750000       0.000000
           1.76       6.760000       0.000003       6.760000       0.000003       6.760000       0.000004
           1.77       6.770000       0.000007       6.770000       0.000000       6.770000       0.000007
           1.78       6.780000       0.000003       6.780000       0.000003       6.780000       0.000003
           1.79       6.790000       0.000007       6.790000       0.000000       6.790000       0.000007
           1.80       6.800000       0.000003       6.800000       0.000003       6.800000       0.000003
           1.81       6.810000       0.000006       6.810000       0.000001       6.810000       0.000001
           1.82       6.820000       0.000003       6.820000       0.000003       6.820000       0.000003
           1.83       6.830000       0.000006       6.830000       0.000001       6.830000       0.000006
           1.84       6.840000       0.000003       6.840000       0.000003       6.840000       0.000003
           1.85       6.850000       0.000006       6.850000       0.000001       6.850000       0.000006
           1.86       6.860000       0.000002       6.860000       0.000002       6.860000       0.000002
           1.87       6.870000       0.000006       6.870000       0.000006       6.870000       0.000001
           1.88       6.880000       0.000002       6.880000       0.000002       6.880000       0.000002
           1.89       6.890000       0.000002       6.890000       0.000002       6.890000       0.000005
           1.90       6.900000       0.000002       6.900000       0.000002       6.900000       0.000002
           1.91       6.910000       0.000002       6.910000       0.000005       6.910000       0.000002
           1.92       6.920000       0.000001       6.920000       0.000001       6.920000       0.000001
           1.93       6.930000       0.000002       6.930000       0.000002       6.930000       0.000005
           1.94       6.940000       0.000001       6.940000       0.000001       6.940000       0.000001
           1.95       6.950000       0.000004       6.950000       0.000002       6.950000       0.000004
           1.96       6.960000       0.000001       6.960000       0.000001       6.960000       0.000001
           1.97       6.970000       0.000003       6.970000       0.000003       6.970000       0.000003
           1.98       6.980000       0.000001       6.980000       0.000001       6.980000       0.000001
           1.99       6.990000       0.000003       6.990000       0.000003       6.990000       0.000003
           2.00       7.000000       0.000000       7.000000       0.000000       7.000000       0.000000
           2.01       7.010000       0.000004       7.010000       0.000003       7.010000       0.000003
           2.02       7.020000       0.000000       7.020000       0.000000       7.020000       0.000000
           2.03       7.030000       0.000003       7.030000       0.000003       7.030000       0.000003
           2.04       7.040000       0.000000       7.040000       0.000000       7.040000       0.000000
           2.05       7.050000       0.000003       7.050000       0.000003       7.050000       0.000004
           2.06       7.060000       0.000000       7.060000       0.000000       7.060000       0.000000
           2.07       7.070000       0.000004       7.070000       0.000004       7.070000       0.000003
           2.08       7.080000       0.000006       7.080000       0.000001       7.080000       0.000001
           2.09       7.090000       0.000002       7.090000       0.000002       7.090000       0.000002
           2.10       7.100000       0.000001       7.100000       0.000001       7.100000       0.000001
           2.11       7.110000       0.000002       7.110000       0.000002       7.110000       0.000002
           2.12       7.120000       0.000001       7.120000       0.000001       7.120000       0.000001
           2.13       7.130000       0.000002       7.130000       0.000002       7.130000       0.000002
           2.14       7.140000       0.000002       7.140000       0.000002       7.140000       0.000002
           2.15       7.150000       0.000005       7.150000       0.000002       7.150000       0.000005
           2.16       7.160000       0.000002       7.160000       0.000002       7.160000       0.000005
           2.17       7.170000       0.000005       7.170000       0.000001       7.170000       0.000005
           2.18       7.180000       0.000002       7.180000       0.000002       7.180000       0.000002
           2.19       7.190000       0.000005       7.190000       0.000001       7.190000       0.000005
           2.20       7.200000       0.000002       7.200000       0.000002       7.200000       0.000002
           2.21       7.210000       0.000006       7.210000       0.000001       7.210000       0.000001
           2.22       7.220000       0.000003       7.220000       0.000003       7.220000       0.000003
           2.23       7.230000       0.000001       7.230000       0.000001       7.230000       0.000001
           2.24       7.240000       0.000003       7.240000       0.000003       7.240000       0.000003
           2.25       7.250000       0.000000       7.250000       0.000000       7.250000       0.000000
           2.26       7.260000       0.000003       7.260000       0.000003       7.260000       0.000004
           2.27       7.270000       0.000007       7.270000       0.000000       7.270000       0.000000
           2.28       7.280000       0.000003       7.280000       0.000003       7.280000       0.000003
           2.29       7.290000       0.000000       7.290000       0.000006       7.290000       0.000000
           2.30       7.300000       0.000003       7.300000       0.000003       7.300000       0.000003
           2.31       7.310000       0.000006       7.310000       0.000000       7.310000       0.000006
           2.32       7.320000       0.000003       7.320000       0.000003       7.320000       0.000003
           2.33       7.330000       0.000001       7.330000       0.000001       7.330000       0.000001
           2.34       7.340000       0.000002       7.340000       0.000002       7.340000       0.000002
           2.35       7.350000       0.000001       7.350000       0.000001       7.350000       0.000006
           2.36       7.360000       0.000002       7.360000       0.000002       7.360000       0.000002
           2.37       7.370000       0.000001       7.370000       0.000005       7.370000       0.000005
           2.38       7.380000       0.000004       7.380000       0.000002       7.380000       0.000002
           2.39       7.390000       0.000005       7.390000       0.000001       7.390000       0.000001
           2.40       7.400000       0.000002       7.400000       0.000002       7.400000       0.000005
           2.41       7.410000       0.000002       7.410000       0.000002       7.410000       0.000002
           2.42       7.420000       0.000001       7.420000       0.000001       7.420000       0.000001
           2.43       7.430000       0.000002       7.430000       0.000002       7.430000       0.000002
           2.44       7.440000       0.000001       7.440000       0.000001       7.440000       0.000005
           2.45       7.450000       0.000002       7.450000       0.000002       7.450000       0.000004
           2.46       7.460000       0.000001       7.460000       0.000001       7.460000       0.000001
           2.47       7.470000       0.000002       7.470000       0.000002       7.470000       0.000002
           2.48       7.480000       0.000001       7.480000       0.000001       7.480000       0.000001
           2.49       7.490000       0.000003       7.490000       0.000003       7.490000       0.000004
           2.50       7.500000       0.000000       7.500000       0.000000       7.500000       0.000000
           2.51       7.510000       0.000003       7.510000       0.000003       7.510000       0.000003
           2.52       7.520000       0.000000       7.520000       0.000000       7.520000       0.000000
           2.53       7.530000       0.000003       7.530000       0.000003       7.530000       0.000003
           2.54       7.540000       0.000000       7.540000       0.000000       7.540000       0.000000
           2.55       7.550000       0.000003       7.550000       0.000003       7.550000       0.000003
           2.56       7.560000       0.000000       7.560000       0.000000       7.560000       0.000000
           2.57       7.570000       0.000003       7.570000       0.000003       7.570000       0.000003
           2.58       7.580000       0.000001       7.580000       0.000001       7.580000       0.000001
           2.59       7.590000       0.000002       7.590000       0.000002       7.590000       0.000002
           2.60       7.600000       0.000001       7.600000       0.000001       7.600000       0.000001
           2.61       7.610000       0.000002       7.610000       0.000002       7.610000       0.000002
           2.62       7.620000       0.000001       7.620000       0.000001       7.620000       0.000001
           2.63       7.630000       0.000002       7.630000       0.000004       7.630000       0.000004
           2.64       7.640000       0.000001       7.640000       0.000001       7.640000       0.000001
           2.65       7.650000       0.000005       7.650000       0.000002       7.650000       0.000005
           2.66       7.660000       0.000002       7.659999       0.000008       7.660000       0.000002
           2.67       7.670000       0.000005       7.670000       0.000001       7.670000       0.000005
           2.68       7.680000       0.000002       7.680000       0.000002       7.679999       0.000008
           2.69       7.690000       0.000005       7.690000       0.000005       7.690000       0.000005
           2.70       7.700000       0.000002       7.700000       0.000002       7.700000       0.000002
           2.71       7.710000       0.000005       7.710000       0.000001       7.710000       0.000005
           2.72       7.720000       0.000002       7.720000       0.000004       7.720000       0.000002
           2.73       7.730000       0.000001       7.730000       0.000001       7.730000       0.000001
           2.74       7.740000       0.000004       7.740000       0.000002       7.740000       0.000002
           2.75       7.750000       0.000001       7.750000       0.000001       7.750000       0.000001
           2.76       7.760000       0.000003       7.760000       0.000003       7.760000       0.000003
           2.77       7.770000       0.000000       7.770000       0.000000       7.770000       0.000000
           2.78       7.780000       0.000003       7.780000       0.000003       7.780000       0.000003
           2.79       7.790000       0.000000       7.790000       0.000000       7.790000       0.000000
           2.80       7.800000       0.000003       7.800000       0.000003       7.800000       0.000003
           2.81       7.810000       0.000006       7.810000       0.000000       7.810000       0.000006
           2.82       7.820000       0.000003       7.820000       0.000003       7.820001       0.000009
           2.83       7.830000       0.000000       7.830000       0.000006       7.830000       0.000006
           2.84       7.840000       0.000002       7.840000       0.000002       7.840000       0.000002
           2.85       7.850000       0.000001       7.850000       0.000001       7.850000       0.000001
           2.86       7.860000       0.000002       7.860000       0.000002       7.860000       0.000004
           2.87       7.870000       0.000001       7.870000       0.000001       7.870000       0.000005
           2.88       7.880000       0.000002       7.880000       0.000002       7.880000       0.000002
           2.89       7.890000       0.000001       7.890000       0.000001       7.890000       0.000001
           2.90       7.900000       0.000002       7.900000       0.000002       7.900000       0.000004
           2.91       7.910000       0.000001       7.910000       0.000001       7.910000       0.000001
           2.92       7.920000       0.000002       7.920000       0.000002       7.920000       0.000002
           2.93       7.930000       0.000004       7.930000       0.000002       7.930000       0.000002
           2.94       7.940000       0.000005       7.940000       0.000005       7.940000       0.000005
           2.95       7.950000       0.000002       7.950000       0.000002       7.950000       0.000004
           2.96       7.960000       0.000001       7.960000       0.000001       7.960000       0.000001
           2.97       7.970000       0.000002       7.970000       0.000002       7.970000       0.000004
           2.98       7.980000       0.000001       7.980000       0.000001       7.980000       0.000001
           2.99       7.990000       0.000002       7.990000       0.000002       7.990000       0.000002
           3.00       8.000000       0.000005       8.000000       0.000001       8.000000       0.000001
           3.01       8.010000       0.000003       8.010000       0.000003       8.010000       0.000003
           3.02       8.020000       0.000006       8.020000       0.000006       8.020000       0.000006
           3.03       8.030000       0.000003       8.030000       0.000003       8.030000       0.000003
           3.04       8.040000       0.000000       8.040000       0.000000       8.040000       0.000000
           3.05       8.050000       0.000003       8.050000       0.000003       8.050000       0.000003
           3.06       8.060000       0.000006       8.060000       0.000006       8.060000       0.000006
           3.07       8.070001       0.000009       8.070001       0.000009       8.070001       0.000009
           3.08       8.080001       0.000011       8.080001       0.000011       8.080000       0.000000
           3.09       8.090000       0.000002       8.090000       0.000002       8.090000       0.000002
           3.10       8.100000       0.000005       8.100000       0.000005       8.100000       0.000005
           3.11       8.110001       0.000008       8.110001       0.000008       8.110001       0.000008
           3.12       8.120001       0.000011       8.120000       0.000001       8.120001       0.000011
           3.13       8.130000       0.000002       8.130000       0.000002       8.130000       0.000002
           3.14       8.140000       0.000005       8.140000       0.000005       8.140000       0.000005
           3.15       8.150000       0.000004       8.150000       0.000004       8.150000       0.000004
           3.16       8.160000       0.000001       8.160000       0.000001       8.160000       0.000001
           3.17       8.170000       0.000002       8.170000       0.000002       8.170000       0.000002
           3.18       8.179999       0.000007       8.180000       0.000004       8.180000       0.000004
           3.19       8.190000       0.000005       8.190000       0.000005       8.190000       0.000005
           3.20       8.200000       0.000002       8.200000       0.000002       8.200000       0.000002
           3.21       8.210000       0.000001       8.210000       0.000001       8.210000       0.000001
           3.22       8.220000       0.000004       8.220000       0.000004       8.220000       0.000004
           3.23       8.230000       0.000005       8.230000       0.000005       8.230000       0.000005
           3.24       8.240000       0.000002       8.240000       0.000002       8.240000       0.000002
           3.25       8.250000       0.000001       8.250000       0.000001       8.250000       0.000001
           3.26       8.260000       0.000003       8.260000       0.000003       8.260000       0.000003
           3.27       8.270000       0.000006       8.270000       0.000005       8.270000       0.000006
           3.28       8.280000       0.000003       8.280000       0.000003       8.280001       0.000009
           3.29       8.290000       0.000000       8.290000       0.000000       8.290000       0.000000
           3.30       8.300000       0.000003       8.300000       0.000003       8.300000       0.000003
           3.31       8.309999       0.000006       8.310000       0.000006       8.310000       0.000006
           3.32       8.320000       0.000003       8.320000       0.000003       8.320000       0.000003
           3.33       8.330000       0.000000       8.330000       0.000000       8.330000       0.000000
           3.34       8.340000       0.000002       8.340000       0.000002       8.339999       0.000009
           3.35       8.349999       0.000006       8.350000       0.000005       8.349999       0.000006
           3.36       8.360000       0.000003       8.360000       0.000003       8.360000       0.000003
           3.37       8.370000       0.000001       8.370000       0.000001       8.370000       0.000001
           3.38       8.380000       0.000002       8.380000       0.000002       8.380000       0.000002
           3.39       8.389999       0.000007       8.389999       0.000007       8.389999       0.000007
           3.40       8.400000       0.000004       8.400000       0.000004       8.400000       0.000004
           3.41       8.410000       0.000001       8.410000       0.000001       8.409999       0.000013
           3.42       8.420000       0.000002       8.420000       0.000002       8.419999       0.000010
           3.43       8.430000       0.000004       8.429999       0.000007       8.429999       0.000007
           3.44       8.440000       0.000004       8.440000       0.000004       8.440000       0.000004
           3.45       8.450000       0.000002       8.450000       0.000002       8.450000       0.000002
           3.46       8.460000       0.000001       8.460000       0.000001       8.460000       0.000001
           3.47       8.470000       0.000004       8.469999       0.000007       8.470000       0.000004
           3.48       8.480000       0.000005       8.480000       0.000005       8.480000       0.000005
           3.49       8.490000       0.000002       8.490000       0.000002       8.490000       0.000002
           3.50       8.500000       0.000001       8.500000       0.000001       8.500000       0.000001
           3.51       8.510000       0.000003       8.510000       0.000003       8.510000       0.000003
           3.52       8.520000       0.000006       8.520000       0.000006       8.520000       0.000006
           3.53       8.530000       0.000002       8.530000       0.000002       8.530000       0.000002
           3.54       8.540000       0.000000       8.540000       0.000000       8.540000       0.000000
           3.55       8.550000       0.000003       8.550000       0.000003       8.550000       0.000003
           3.56       8.560000       0.000006       8.560000       0.000006       8.560000       0.000006
           3.57       8.570001       0.000008       8.570000       0.000003       8.570001       0.000008
           3.58       8.580000       0.000000       8.580000       0.000000       8.580000       0.000000
           3.59       8.590000       0.000002       8.590000       0.000002       8.590000       0.000002
           3.60       8.600000       0.000005       8.600000       0.000005       8.600000       0.000005
           3.61       8.610001       0.000008       8.610000       0.000003       8.610001       0.000008
           3.62       8.620000       0.000001       8.620000       0.000001       8.620000       0.000001
           3.63       8.630000       0.000002       8.630000       0.000002       8.630000       0.000002
           3.64       8.640000       0.000005       8.640000       0.000005       8.640000       0.000005
           3.65       8.650000       0.000004       8.650000       0.000004       8.650000       0.000004
           3.66       8.660000       0.000001       8.660000       0.000001       8.660000       0.000001
           3.67       8.670000       0.000002       8.670000       0.000002       8.670000       0.000002
           3.68       8.680000       0.000004       8.680000       0.000004       8.679999       0.000007
           3.69       8.690000       0.000004       8.690000       0.000004       8.690000       0.000004
           3.70       8.700000       0.000001       8.700000       0.000001       8.700000       0.000001
           3.71       8.710000       0.000001       8.710000       0.000001       8.710000       0.000001
           3.72       8.720000       0.000004       8.720000       0.000004       8.719999       0.000007
           3.73       8.730000       0.000006       8.730000       0.000005       8.730000       0.000005
           3.74       8.740000       0.000002       8.740000       0.000002       8.740000       0.000002
           3.75       8.750000       0.000001       8.750000       0.000001       8.750000       0.000001
           3.76       8.760000       0.000003       8.760000       0.000003       8.760000       0.000003
           3.77       8.770000       0.000006       8.770000       0.000005       8.770000       0.000005
           3.78       8.780000       0.000002       8.780000       0.000002       8.780000       0.000002
           3.79       8.790000       0.000000       8.790000       0.000000       8.790000       0.000000
           3.80       8.800000       0.000003       8.800000       0.000003       8.800000       0.000003
           3.81       8.809999       0.000005       8.809999       0.000005       8.809999       0.000005
           3.82       8.820000       0.000003       8.820001       0.000008       8.820001       0.000008
           3.83       8.830000       0.000000       8.830000       0.000000       8.830000       0.000000
           3.84       8.840000       0.000002       8.840000       0.000002       8.839999       0.000008
           3.85       8.850000       0.000005       8.850000       0.000005       8.849999       0.000006
           3.86       8.860000       0.000003       8.860000       0.000003       8.860000       0.000003
           3.87       8.870000       0.000001       8.870000       0.000001       8.870000       0.000001
           3.88       8.880000       0.000002       8.879999       0.000009       8.879999       0.000009
           3.89       8.889999       0.000006       8.890000       0.000005       8.889999       0.000006
           3.90       8.900000       0.000004       8.900000       0.000004       8.900000       0.000004
           3.91       8.910000       0.000001       8.910000       0.000001       8.910000       0.000001
           3.92       8.920000       0.000002       8.919999       0.000009       8.920000       0.000002
           3.93       8.929999       0.000007       8.929999       0.000007       8.929999       0.000007
           3.94       8.940000       0.000004       8.940000       0.000004       8.940000       0.000004
           3.95       8.950000       0.000001       8.950000       0.000001       8.950000       0.000001
           3.96       8.960000       0.000001       8.960000       0.000001       8.960000       0.000001
           3.97       8.969999       0.000007       8.969999       0.000007       8.969999       0.000007
           3.98       8.980000       0.000004       8.980000       0.000004       8.980000       0.000004
           3.99       8.990000       0.000002       8.990000       0.000002       8.990000       0.000002
           4.00       9.000000       0.000001       9.000000       0.000001       9.000000       0.000001
           4.01       9.010000       0.000003       9.010000       0.000003       9.010000       0.000003
           4.02       9.020000       0.000006       9.020000       0.000006       9.020000       0.000005
           4.03       9.030000       0.000002       9.030000       0.000002       9.030001       0.000008
           4.04       9.040000       0.000000       9.040000       0.000000       9.040000       0.000000
           4.05       9.050000       0.000003       9.050000       0.000003       9.050000       0.000003
           4.06       9.060000       0.000005       9.059999       0.000005       9.060000       0.000005
           4.07       9.070001       0.000008       9.070000       0.000003       9.070001       0.000008
           4.08       9.080000       0.000000       9.080000       0.000000       9.080001       0.000010
           4.09       9.090000       0.000002       9.090000       0.000002       9.090000       0.000002
           4.10       9.100000       0.000005       9.100000       0.000005       9.100000       0.000005
           4.11       9.110000       0.000003       9.110001       0.000007       9.110001       0.000007
           4.12       9.120000       0.000000       9.120000       0.000000       9.120000       0.000000
           4.13       9.130000       0.000002       9.130000       0.000002       9.130000       0.000002
           4.14       9.140000       0.000005       9.140000       0.000005       9.140000       0.000005
           4.15       9.150001       0.000007       9.150001       0.000007       9.150001       0.000007
           4.16       9.160000       0.000001       9.160000       0.000001       9.160000       0.000001
           4.17       9.170000       0.000002       9.170000       0.000002       9.170000       0.000002
           4.18       9.180000       0.000004       9.180000       0.000004       9.180000       0.000004
           4.19       9.190000       0.000004       9.190000       0.000004       9.190000       0.000004
           4.20       9.200000       0.000001       9.200000       0.000001       9.200000       0.000001
           4.21       9.210000       0.000001       9.210000       0.000001       9.210000       0.000001
           4.22       9.220000       0.000004       9.220000       0.000004       9.219999       0.000007
           4.23       9.230000       0.000006       9.230000       0.000004       9.230000       0.000004
           4.24       9.240000       0.000002       9.240000       0.000002       9.240000       0.000002
           4.25       9.250000       0.000001       9.250000       0.000001       9.250000       0.000001
           4.26       9.260000       0.000003       9.260000       0.000003       9.260000       0.000003
           4.27       9.270000       0.000005       9.270000       0.000005       9.270000       0.000005
           4.28       9.280000       0.000002       9.280000       0.000002       9.280000       0.000002
           4.29       9.290000       0.000000       9.290000       0.000000       9.290000       0.000000
           4.30       9.300000       0.000003       9.300000       0.000003       9.300000       0.000003
           4.31       9.309999       0.000005       9.309999       0.000005       9.309999       0.000005
           4.32       9.320000       0.000002       9.320000       0.000002       9.320000       0.000002
           4.33       9.330000       0.000000       9.330000       0.000000       9.330000       0.000000
           4.34       9.340000       0.000002       9.340000       0.000002       9.339999       0.000008
           4.35       9.350000       0.000005       9.350000       0.000005       9.349999       0.000005
           4.36       9.360000       0.000003       9.360000       0.000003       9.360000       0.000003
           4.37       9.370000       0.000000       9.370000       0.000000       9.370000       0.000000
           4.38       9.379999       0.000008       9.380000       0.000002       9.380000       0.000002
           4.39       9.389999       0.000006       9.389999       0.000006       9.389999       0.000006
           4.40       9.400000       0.000003       9.400000       0.000003       9.400000       0.000003
           4.41       9.410000       0.000001       9.410000       0.000001       9.409999       0.000011
           4.42       9.419999       0.000009       9.420000       0.000002       9.419999       0.000009
           4.43       9.429999       0.000006       9.429999       0.000006       9.429999       0.000006
           4.44       9.440000       0.000004       9.440000       0.000004       9.440000       0.000004
           4.45       9.450000       0.000001       9.450000       0.000001       9.450000       0.000001
           4.46       9.460000       0.000001       9.460000       0.000001       9.460000       0.000001
           4.47       9.469999       0.000006       9.469999       0.000006       9.469999       0.000006
           4.48       9.480000       0.000006       9.480000       0.000004       9.480000       0.000004
           4.49       9.490000       0.000002       9.490000       0.000002       9.490000       0.000002
           4.50       9.500000       0.000001       9.500000       0.000001       9.500000       0.000001
           4.51       9.510000       0.000003       9.510000       0.000003       9.510000       0.000003
           4.52       9.520000       0.000006       9.520000       0.000004       9.520000       0.000006
           4.53       9.530001       0.000008       9.530000       0.000002       9.530001       0.000008
           4.54       9.540000       0.000000       9.540000       0.000000       9.540000       0.000000
           4.55       9.550000       0.000003       9.550000       0.000003       9.550000       0.000003
           4.56       9.560000       0.000005       9.560000       0.000005       9.560000       0.000005
           4.57       9.570001       0.000008       9.570000       0.000002       9.570000       0.000002
           4.58       9.580000       0.000000       9.580000       0.000000       9.580000       0.000000
           4.59       9.590000       0.000002       9.590000       0.000002       9.590000       0.000002
           4.60       9.600000       0.000005       9.600000       0.000005       9.600000       0.000005
           4.61       9.610001       0.000007       9.610001       0.000007       9.610001       0.000007
           4.62       9.620000       0.000000       9.620000       0.000000       9.620001       0.000010
           4.63       9.630000       0.000002       9.630000       0.000002       9.630000       0.000002
           4.64       9.640000       0.000004       9.640000       0.000004       9.640000       0.000004
           4.65       9.650000       0.000003       9.650000       0.000003       9.650001       0.000007
           4.66       9.660000       0.000001       9.660000       0.000001       9.660000       0.000001
           4.67       9.670000       0.000002       9.670000       0.000002       9.670000       0.000002
           4.68       9.680000       0.000004       9.680000       0.000004       9.680000       0.000004
           4.69       9.690000       0.000003       9.690000       0.000003       9.690000       0.000003
           4.70       9.700000       0.000001       9.700000       0.000001       9.700000       0.000001
           4.71       9.710000       0.000001       9.710000       0.000001       9.710000       0.000001
           4.72       9.720000       0.000004       9.720000       0.000004       9.720000       0.000004
           4.73       9.730000       0.000004       9.730000       0.000004       9.730000       0.000006
           4.74       9.740000       0.000001       9.740000       0.000001       9.740000       0.000001
           4.75       9.750000       0.000001       9.750000       0.000001       9.750000       0.000001
           4.76       9.760000       0.000003       9.760000       0.000003       9.760000       0.000003
           4.77       9.770000       0.000004       9.770000       0.000004       9.770000       0.000004
           4.78       9.780000       0.000002       9.780000       0.000002       9.780000       0.000002
           4.79       9.790000       0.000000       9.790000       0.000000       9.790000       0.000000
           4.80       9.800000       0.000003       9.800000       0.000003       9.800000       0.000003
           4.81       9.809999       0.000005       9.809999       0.000005       9.809999       0.000005
           4.82       9.820000       0.000002       9.820000       0.000002       9.820000       0.000002
           4.83       9.830000       0.000000       9.830000       0.000000       9.830000       0.000000
           4.84       9.840000       0.000002       9.840000       0.000002       9.839999       0.000007
           4.85       9.849999       0.000005       9.849999       0.000005       9.849999       0.000005
           4.86       9.860000       0.000003       9.860000       0.000003       9.860000       0.000003
           4.87       9.870000       0.000000       9.870000       0.000000       9.870000       0.000000
           4.88       9.879999       0.000008       9.880000       0.000002       9.879999       0.000008
           4.89       9.889999       0.000005       9.889999       0.000005       9.889999       0.000005
           4.90       9.900000       0.000003       9.900000       0.000003       9.900000       0.000003
           4.91       9.909999       0.000010       9.910000       0.000001       9.910000       0.000001
           4.92       9.919999       0.000008       9.919999       0.000008       9.920000       0.000002
           4.93       9.929999       0.000006       9.930000       0.000004       9.929999       0.000006
           4.94       9.940000       0.000003       9.940000       0.000003       9.940000       0.000003
           4.95       9.950000       0.000001       9.950000       0.000001       9.950000       0.000001
           4.96       9.959999       0.000008       9.960000       0.000001       9.960000       0.000001
           4.97       9.970000       0.000004       9.970000       0.000004       9.970000       0.000004
           4.98       9.980000       0.000004       9.980000       0.000004       9.980000       0.000004
           4.99       9.990000       0.000001       9.990000       0.000001       9.990000       0.000001
           5.00      10.000000       0.000001      10.000000       0.000001      10.000000       0.000001
           5.01      10.010000       0.000003      10.010000       0.000003      10.010000       0.000003
           5.02      10.020000       0.000005      10.020000       0.000004      10.020000       0.000005
           5.03      10.030001       0.000008      10.030000       0.000002      10.030001       0.000008
           5.04      10.040000       0.000001      10.040000       0.000001      10.040000       0.000001
           5.05      10.050000       0.000003      10.050000       0.000003      10.050000       0.000003
           5.06      10.060000       0.000005      10.060000       0.000005      10.060000       0.000005
           5.07      10.070001       0.000007      10.070001       0.000007      10.070001       0.000007
           5.08      10.080000       0.000000      10.080000       0.000000      10.080001       0.000010
           5.09      10.090000       0.000002      10.090000       0.000002      10.090000       0.000002
           5.10      10.100000       0.000005      10.100000       0.000005      10.100000       0.000005
           5.11      10.110001       0.000007      10.110000       0.000002      10.110001       0.000007
           5.12      10.120000       0.000000      10.120001       0.000009      10.120000       0.000000
           5.13      10.130000       0.000002      10.130000       0.000002      10.130000       0.000002
           5.14      10.140000       0.000004      10.140000       0.000004      10.140000       0.000004
           5.15      10.150000       0.000003      10.150000       0.000003      10.150000       0.000003
           5.16      10.160001       0.000009      10.160000       0.000001      10.160000       0.000001
           5.17      10.170000       0.000002      10.170000       0.000002      10.170000       0.000002
           5.18      10.180000       0.000004      10.180000       0.000004      10.180000       0.000004
           5.19      10.190000       0.000003      10.190000       0.000003      10.190000       0.000003
           5.20      10.200000       0.000001      10.200000       0.000001      10.200000       0.000001
           5.21      10.210000       0.000001      10.210000       0.000001      10.210000       0.000001
           5.22      10.219999       0.000006      10.220000       0.000004      10.219999       0.000006
           5.23      10.230000       0.000004      10.230000       0.000004      10.230000       0.000004
           5.24      10.240000       0.000001      10.240000       0.000001      10.240000       0.000001
           5.25      10.250000       0.000001      10.250000       0.000001      10.250000       0.000001
           5.26      10.260000       0.000003      10.260000       0.000003      10.260000       0.000003
           5.27      10.270000       0.000004      10.270000       0.000004      10.270000       0.000005
           5.28      10.280001       0.000008      10.280000       0.000002      10.280000       0.000002
           5.29      10.290000       0.000001      10.290000       0.000001      10.290000       0.000001
           5.30      10.300000       0.000003      10.300000       0.000003      10.300000       0.000003
           5.31      10.309999       0.000004      10.309999       0.000004      10.310000       0.000005
           5.32      10.320000       0.000002      10.320000       0.000002      10.320000       0.000002
           5.33      10.330000       0.000000      10.330000       0.000000      10.330000       0.000000
           5.34      10.339999       0.000007      10.340000       0.000002      10.339999       0.000007
           5.35      10.349999       0.000005      10.349999       0.000005      10.349999       0.000005
           5.36      10.360000       0.000002      10.360000       0.000002      10.360000       0.000002
           5.37      10.370000       0.000000      10.369999       0.000009      10.370000       0.000000
           5.38      10.379999       0.000007      10.379999       0.000007      10.380000       0.000002
           5.39      10.389999       0.000005      10.389999       0.000005      10.389999       0.000005
           5.40      10.399999       0.000012      10.400000       0.000003      10.400000       0.000003
           5.41      10.409999       0.000010      10.410000       0.000001      10.410000       0.000001
           5.42      10.419999       0.000007      10.420000       0.000002      10.419999       0.000007
           5.43      10.429999       0.000005      10.429999       0.000005      10.429999       0.000005
           5.44      10.440000       0.000003      10.440000       0.000003      10.440000       0.000003
           5.45      10.450000       0.000001      10.450000       0.000001      10.450000       0.000001
           5.46      10.459999       0.000008      10.460000       0.000001      10.460000       0.000001
           5.47      10.470000       0.000004      10.470000       0.000004      10.469999       0.000006
           5.48      10.480000       0.000003      10.480000       0.000003      10.480000       0.000003
           5.49      10.490000       0.000001      10.490000       0.000001      10.490000       0.000001
           5.50      10.500000       0.000001      10.500000       0.000001      10.500000       0.000001
           5.51      10.510000       0.000003      10.510000       0.000003      10.510000       0.000003
           5.52      10.520000       0.000005      10.520000       0.000005      10.520000       0.000004
           5.53      10.530000       0.000002      10.530000       0.000002      10.530000       0.000002
           5.54      10.540000       0.000001      10.540000       0.000001      10.540000       0.000001
           5.55      10.550000       0.000003      10.550000       0.000003      10.550000       0.000003
           5.56      10.560000       0.000005      10.559999       0.000004      10.560000       0.000005
           5.57      10.570000       0.000002      10.570000       0.000002      10.570001       0.000007
           5.58      10.580000       0.000000      10.580001       0.000009      10.580001       0.000009
           5.59      10.590000       0.000002      10.590000       0.000002      10.590000       0.000002
           5.60      10.600000       0.000005      10.600000       0.000005      10.600000       0.000005
           5.61      10.610001       0.000007      10.610001       0.000007      10.610000       0.000002
           5.62      10.620000       0.000000      10.620000       0.000000      10.620000       0.000000
           5.63      10.630000       0.000002      10.630000       0.000002      10.630000       0.000002
           5.64      10.640000       0.000004      10.640000       0.000004      10.640000       0.000004
           5.65      10.650001       0.000006      10.650000       0.000003      10.650000       0.000003
           5.66      10.660001       0.000008      10.660000       0.000000      10.660000       0.000000
           5.67      10.670000       0.000002      10.670000       0.000002      10.670000       0.000002
           5.68      10.680000       0.000004      10.680000       0.000004      10.680000       0.000004
           5.69      10.690000       0.000003      10.690000       0.000003      10.690001       0.000006
           5.70      10.700000       0.000001      10.700000       0.000001      10.700000       0.000001
           5.71      10.710000       0.000001      10.710000       0.000001      10.710000       0.000001
           5.72      10.719999       0.000005      10.720000       0.000003      10.720000       0.000003
           5.73      10.730000       0.000003      10.730000       0.000003      10.730000       0.000003
           5.74      10.740000       0.000001      10.740000       0.000001      10.740000       0.000001
           5.75      10.750000       0.000001      10.750000       0.000001      10.750000       0.000001
           5.76      10.759999       0.000006      10.760000       0.000003      10.760000       0.000003
           5.77      10.770000       0.000005      10.770000       0.000004      10.770000       0.000005
           5.78      10.780000       0.000001      10.780000       0.000001      10.780000       0.000001
           5.79      10.790000       0.000001      10.790000       0.000001      10.790000       0.000001
           5.80      10.800000       0.000003      10.800000       0.000003      10.800000       0.000003
           5.81      10.809999       0.000004      10.809999       0.000004      10.809999       0.000004
           5.82      10.820000       0.000002      10.820000       0.000002      10.820000       0.000002
           5.83      10.830000       0.000000      10.830000       0.000000      10.830000       0.000000
           5.84      10.839999       0.000006      10.840000       0.000002      10.839999       0.000006
           5.85      10.849999       0.000004      10.849999       0.000004      10.849999       0.000004
           5.86      10.860000       0.000002      10.860000       0.000002      10.860000       0.000002
           5.87      10.870000       0.000000      10.870000       0.000000      10.869999       0.000009
           5.88      10.879999       0.000007      10.879999       0.000007      10.879999       0.000007
           5.89      10.889999       0.000005      10.889999       0.000005      10.889999       0.000005
           5.90      10.900000       0.000002      10.900000       0.000002      10.900000       0.000002
           5.91      10.909999       0.000009      10.910000       0.000000      10.910000       0.000000
           5.92      10.919999       0.000007      10.919999       0.000007      10.919999       0.000007
           5.93      10.929999       0.000005      10.929999       0.000005      10.929999       0.000005
           5.94      10.940000       0.000003      10.940000       0.000003      10.940000       0.000003
           5.95      10.950000       0.000001      10.950000       0.000001      10.950000       0.000001
           5.96      10.960000       0.000001      10.959999       0.000007      10.960000       0.000001
           5.97      10.969999       0.000005      10.969999       0.000005      10.969999       0.000005
           5.98      10.980000       0.000003      10.980000       0.000003      10.980000       0.000003
           5.99      10.990000       0.000001      10.990000       0.000001      10.990000       0.000001
           6.00      11.000000       0.000001      11.000000       0.000001      11.000000       0.000001
           6.01      11.010000       0.000003      11.010000       0.000003      11.009999       0.000006
           6.02      11.020000       0.000003      11.020000       0.000005      11.020000       0.000005
           6.03      11.030000       0.000001      11.030000       0.000001      11.030000       0.000001
           6.04      11.040000       0.000001      11.040000       0.000001      11.040000       0.000001
           6.05      11.050000       0.000003      11.050000       0.000003      11.050000       0.000003
           6.06      11.060000       0.000005      11.059999       0.000004      11.060000       0.000005
           6.07      11.070000       0.000002      11.070000       0.000002      11.070000       0.000002
           6.08      11.080001       0.000009      11.080000       0.000000      11.080000       0.000000
           6.09      11.090000       0.000002      11.090000       0.000002      11.090000       0.000002
           6.10      11.100000       0.000004      11.100000       0.000004      11.100000       0.000004
           6.11      11.110001       0.000007      11.110001       0.000007      11.110001       0.000007
           6.12      11.120001       0.000009      11.120000       0.000000      11.120000       0.000000
           6.13      11.130000       0.000002      11.130000       0.000002      11.130000       0.000002
           6.14      11.139999       0.000004      11.140000       0.000004      11.140000       0.000004
           6.15      11.150001       0.000006      11.150000       0.000002      11.150000       0.000002
           6.16      11.160000       0.000000      11.160000       0.000000      11.160000       0.000000
           6.17      11.170000       0.000002      11.170000       0.000002      11.170000       0.000002
           6.18      11.179999       0.000005      11.180000       0.000004      11.180000       0.000004
           6.19      11.190000       0.000003      11.190000       0.000003      11.190000       0.000003
           6.20      11.200000       0.000001      11.200000       0.000001      11.200000       0.000001
           6.21      11.210000       0.000001      11.210000       0.000001      11.210000       0.000001
           6.22      11.219999       0.000005      11.220000       0.000003      11.220000       0.000003
           6.23      11.230000       0.000003      11.230000       0.000003      11.230000       0.000003
           6.24      11.240000       0.000001      11.240000       0.000001      11.240000       0.000001
           6.25      11.250000       0.000001      11.250000       0.000001      11.250000       0.000001
           6.26      11.259999       0.000005      11.260000       0.000003      11.260000       0.000003
           6.27      11.270000       0.000005      11.270000       0.000005      11.270000       0.000005
           6.28      11.280000       0.000001      11.280000       0.000001      11.280000       0.000001
           6.29      11.290000       0.000001      11.290000       0.000001      11.290000       0.000001
           6.30      11.300000       0.000003      11.300000       0.000003      11.300000       0.000003
           6.31      11.310000       0.000005      11.309999       0.000004      11.309999       0.000004
           6.32      11.320000       0.000002      11.320000       0.000002      11.320000       0.000002
           6.33      11.329999       0.000008      11.330000       0.000000      11.330000       0.000000
           6.34      11.340000       0.000002      11.340000       0.000002      11.339999       0.000006
           6.35      11.349999       0.000004      11.349999       0.000004      11.350000       0.000004
           6.36      11.360000       0.000002      11.360000       0.000002      11.360000       0.000002
           6.37      11.369999       0.000008      11.370000       0.000000      11.370000       0.000000
           6.38      11.379999       0.000006      11.380000       0.000002      11.379999       0.000006
           6.39      11.389999       0.000004      11.389999       0.000004      11.389999       0.000004
           6.40      11.400000       0.000002      11.400000       0.000002      11.400000       0.000002
           6.41      11.409999       0.000009      11.410000       0.000000      11.409999       0.000009
           6.42      11.419999       0.000007      11.420000       0.000002      11.419999       0.000007
           6.43      11.429999       0.000005      11.429999       0.000005      11.429999       0.000005
           6.44      11.440000       0.000003      11.440000       0.000003      11.440000       0.000003
           6.45      11.449999       0.000009      11.450000       0.000001      11.450000       0.000001
           6.46      11.460000       0.000001      11.460000       0.000001      11.460000       0.000001
           6.47      11.469999       0.000005      11.470000       0.000003      11.469999       0.000005
           6.48      11.480000       0.000003      11.480000       0.000003      11.480000       0.000003
           6.49      11.490000       0.000001      11.490000       0.000001      11.490000       0.000001
           6.50      11.500000       0.000001      11.500000       0.000001      11.500000       0.000001
           6.51      11.509999       0.000005      11.510000       0.000003      11.510000       0.000003
           6.52      11.520000       0.000003      11.520000       0.000003      11.520000       0.000003
           6.53      11.530000       0.000001      11.530000       0.000001      11.530000       0.000001
           6.54      11.540000       0.000001      11.540000       0.000001      11.540000       0.000001
           6.55      11.550000       0.000003      11.550000       0.000003      11.550000       0.000003
           6.56      11.559999       0.000004      11.559999       0.000004      11.560000       0.000005
           6.57      11.570001       0.000007      11.570001       0.000007      11.570001       0.000007
           6.58      11.580001       0.000009      11.580000       0.000000      11.580001       0.000009
           6.59      11.590000       0.000002      11.590000       0.000002      11.590000       0.000002
           6.60      11.600000       0.000004      11.600000       0.000004      11.600000       0.000004
           6.61      11.610001       0.000006      11.610001       0.000006      11.610001       0.000006
           6.62      11.620001       0.000008      11.620000       0.000000      11.620000       0.000000
           6.63      11.630000       0.000002      11.630000       0.000002      11.630000       0.000002
           6.64      11.639999       0.000004      11.640000       0.000004      11.640000       0.000004
           6.65      11.650001       0.000006      11.650000       0.000002      11.650000       0.000002
           6.66      11.660000       0.000000      11.660000       0.000000      11.660000       0.000000
           6.67      11.670000       0.000002      11.670000       0.000002      11.670000       0.000002
           6.68      11.679999       0.000004      11.680000       0.000004      11.679999       0.000004
           6.69      11.690000       0.000003      11.690000       0.000003      11.690000       0.000003
           6.70      11.700000       0.000001      11.700000       0.000001      11.700000       0.000001
           6.71      11.710000       0.000001      11.710000       0.000001      11.710000       0.000001
           6.72      11.720000       0.000003      11.719999       0.000005      11.719999       0.000005
           6.73      11.730000       0.000003      11.730000       0.000005      11.730000       0.000005
           6.74      11.740000       0.000001      11.740000       0.000001      11.740000       0.000001
           6.75      11.750000       0.000001      11.750000       0.000001      11.750000       0.000001
           6.76      11.760000       0.000003      11.760000       0.000003      11.760000       0.000003
           6.77      11.770000       0.000003      11.770000       0.000003      11.770000       0.000003
           6.78      11.780000       0.000001      11.780000       0.000001      11.780000       0.000001
           6.79      11.790000       0.000001      11.790000       0.000001      11.790000       0.000001
           6.80      11.799999       0.000005      11.800000       0.000003      11.800000       0.000003
           6.81      11.810000       0.000005      11.809999       0.000003      11.810000       0.000005
           6.82      11.820000       0.000001      11.820000       0.000001      11.820000       0.000001
           6.83      11.829999       0.000008      11.830000       0.000000      11.830000       0.000000
           6.84      11.840000       0.000002      11.839999       0.000006      11.840000       0.000002
           6.85      11.849999       0.000004      11.849999       0.000004      11.850000       0.000004
           6.86      11.860000       0.000002      11.860000       0.000002      11.860000       0.000002
           6.87      11.869999       0.000008      11.870000       0.000000      11.870000       0.000000
           6.88      11.880000       0.000002      11.879999       0.000006      11.879999       0.000006
           6.89      11.889999       0.000004      11.889999       0.000004      11.889999       0.000004
           6.90      11.900000       0.000002      11.900000       0.000002      11.900000       0.000002
           6.91      11.910000       0.000000      11.910000       0.000000      11.910000       0.000000
           6.92      11.920000       0.000002      11.920000       0.000002      11.919999       0.000006
           6.93      11.930000       0.000004      11.929999       0.000004      11.929999       0.000004
           6.94      11.940000       0.000002      11.940000       0.000002      11.940000       0.000002
           6.95      11.949999       0.000008      11.950000       0.000000      11.950000       0.000000
           6.96      11.960000       0.000001      11.960000       0.000001      11.960000       0.000001
           6.97      11.969999       0.000005      11.969999       0.000005      11.969999       0.000005
           6.98      11.980000       0.000003      11.980000       0.000003      11.980000       0.000003
           6.99      11.990000       0.000001      11.990000       0.000001      11.990000       0.000001
           7.00      11.999999       0.000007      12.000000       0.000001      12.000000       0.000001
           7.01      12.009999       0.000005      12.010000       0.000003      12.010000       0.000003
           7.02      12.020000       0.000003      12.020000       0.000003      12.020000       0.000005
           7.03      12.030000       0.000001      12.030000       0.000001      12.030001       0.000007
           7.04      12.040000       0.000001      12.040000       0.000001      12.040000       0.000001
           7.05      12.050000       0.000003      12.050000       0.000003      12.050000       0.000003
           7.06      12.059999       0.000003      12.060000       0.000005      12.060000       0.000005
           7.07      12.070001       0.000006      12.070001       0.000006      12.070000       0.000001
           7.08      12.080001       0.000008      12.080000       0.000000      12.080000       0.000000
           7.09      12.090000       0.000002      12.090000       0.000002      12.090000       0.000002
           7.10      12.100000       0.000004      12.100000       0.000004      12.100000       0.000004
           7.11      12.110001       0.000006      12.110001       0.000006      12.110000       0.000002
           7.12      12.120001       0.000008      12.120001       0.000008      12.120001       0.000008
           7.13      12.130000       0.000002      12.130000       0.000002      12.130000       0.000002
           7.14      12.140000       0.000004      12.139999       0.000004      12.140000       0.000004
           7.15      12.150001       0.000006      12.150000       0.000002      12.150000       0.000002
           7.16      12.160000       0.000000      12.160000       0.000000      12.160000       0.000000
           7.17      12.170000       0.000002      12.170000       0.000002      12.170000       0.000002
           7.18      12.179999       0.000004      12.180000       0.000004      12.180000       0.000004
           7.19      12.190001       0.000006      12.190000       0.000002      12.190001       0.000006
           7.20      12.200000       0.000000      12.200000       0.000000      12.200000       0.000000
           7.21      12.210000       0.000001      12.210000       0.000001      12.210000       0.000001
           7.22      12.220000       0.000003      12.220000       0.000003      12.220000       0.000003
           7.23      12.230000       0.000003      12.230000       0.000003      12.230000       0.000005
           7.24      12.240000       0.000001      12.240000       0.000001      12.240000       0.000001
           7.25      12.249999       0.000007      12.250000       0.000001      12.250000       0.000001
           7.26      12.260000       0.000003      12.260000       0.000003      12.259999       0.000005
           7.27      12.270000       0.000003      12.270000       0.000005      12.270000       0.000003
           7.28      12.280000       0.000001      12.280000       0.000001      12.280000       0.000001
           7.29      12.290000       0.000001      12.290000       0.000001      12.290000       0.000001
           7.30      12.299999       0.000005      12.300000       0.000003      12.300000       0.000003
           7.31      12.309999       0.000003      12.309999       0.000003      12.310000       0.000005
           7.32      12.320000       0.000001      12.320000       0.000001      12.320000       0.000001
           7.33      12.330000       0.000001      12.330000       0.000001      12.330000       0.000001
           7.34      12.339999       0.000005      12.340000       0.000002      12.339999       0.000005
           7.35      12.349999       0.000003      12.349999       0.000003      12.350000       0.000004
           7.36      12.360000       0.000002      12.360000       0.000002      12.360000       0.000002
           7.37      12.370000       0.000000      12.370000       0.000000      12.369999       0.000007
           7.38      12.380000       0.000002      12.380000       0.000002      12.379999       0.000006
           7.39      12.389999       0.000004      12.389999       0.000004      12.389999       0.000004
           7.40      12.400000       0.000002      12.400000       0.000002      12.400000       0.000002
           7.41      12.410000       0.000000      12.410000       0.000000      12.410000       0.000000
           7.42      12.420000       0.000002      12.419999       0.000006      12.420000       0.000002
           7.43      12.430000       0.000004      12.429999       0.000004      12.429999       0.000004
           7.44      12.440000       0.000002      12.440000       0.000002      12.440000       0.000002
           7.45      12.450000       0.000000      12.450000       0.000000      12.450000       0.000000
           7.46      12.460000       0.000001      12.460000       0.000001      12.460000       0.000001
           7.47      12.469999       0.000004      12.470000       0.000003      12.470000       0.000003
           7.48      12.480000       0.000003      12.480000       0.000003      12.480000       0.000005
           7.49      12.490000       0.000001      12.490000       0.000001      12.490000       0.000001
           7.50      12.500000       0.000001      12.500000       0.000001      12.500000       0.000001
           7.51      12.509999       0.000005      12.510000       0.000003      12.510000       0.000003
           7.52      12.520000       0.000003      12.520000       0.000005      12.520000       0.000003
           7.53      12.530000       0.000001      12.530000       0.000001      12.530001       0.000007
           7.54      12.540000       0.000001      12.540000       0.000001      12.540000       0.000001
           7.55      12.550000       0.000003      12.550000       0.000003      12.550000       0.000003
           7.56      12.560000       0.000005      12.559999       0.000003      12.559999       0.000003
           7.57      12.570001       0.000006      12.570000       0.000001      12.570001       0.000006
           7.58      12.580000       0.000001      12.580000       0.000001      12.580001       0.000008
           7.59      12.590000       0.000002      12.590000       0.000002      12.590000       0.000002
           7.60      12.600000       0.000004      12.600000       0.000004      12.600000       0.000004
           7.61      12.610001       0.000006      12.610000       0.000002      12.610001       0.000006
           7.62      12.620000       0.000000      12.620000       0.000000      12.620000       0.000000
           7.63      12.630000       0.000002      12.630000       0.000002      12.630000       0.000002
           7.64      12.640000       0.000004      12.639999       0.000004      12.640000       0.000004
           7.65      12.650000       0.000002      12.650000       0.000002      12.650001       0.000006
           7.66      12.660000       0.000000      12.660000       0.000000      12.660000       0.000000
           7.67      12.670000       0.000002      12.670000       0.000002      12.669999       0.000006
           7.68      12.680000       0.000004      12.680000       0.000004      12.680000       0.000004
           7.69      12.690001       0.000005      12.690000       0.000002      12.690000       0.000002
           7.70      12.700000       0.000000      12.700000       0.000000      12.700000       0.000000
           7.71      12.710000       0.000001      12.710000       0.000001      12.710000       0.000001
           7.72      12.720000       0.000003      12.720000       0.000003      12.719999       0.000004
           7.73      12.730000       0.000005      12.730000       0.000002      12.730000       0.000002
           7.74      12.740000       0.000001      12.740000       0.000001      12.740000       0.000001
           7.75      12.749999       0.000006      12.750000       0.000001      12.750000       0.000001
           7.76      12.760000       0.000003      12.760000       0.000003      12.760000       0.000003
           7.77      12.770000       0.000003      12.770000       0.000003      12.770000       0.000005
           7.78      12.780000       0.000001      12.780000       0.000001      12.780000       0.000001
           7.79      12.790000       0.000001      12.790000       0.000001      12.790000       0.000001
           7.80      12.800000       0.000003      12.800000       0.000003      12.799999       0.000005
           7.81      12.809999       0.000003      12.809999       0.000003      12.809999       0.000003
           7.82      12.820000       0.000001      12.820000       0.000001      12.820000       0.000001
           7.83      12.830000       0.000001      12.830000       0.000001      12.829999       0.000007
           7.84      12.839999       0.000005      12.840000       0.000002      12.839999       0.000005
           7.85      12.850000       0.000004      12.849999       0.000003      12.850000       0.000004
           7.86      12.859999       0.000009      12.860000       0.000001      12.860000       0.000001
           7.87      12.870000       0.000000      12.870000       0.000000      12.870000       0.000000
           7.88      12.880000       0.000002      12.879999       0.000005      12.880000       0.000002
           7.89      12.889999       0.000004      12.889999       0.000004      12.889999       0.000004
           7.90      12.900000       0.000002      12.900000       0.000002      12.900000       0.000002
           7.91      12.910000       0.000000      12.910000       0.000000      12.909999       0.000007
           7.92      12.920000       0.000002      12.919999       0.000006      12.919999       0.000006
           7.93      12.929999       0.000004      12.929999       0.000004      12.929999       0.000004
           7.94      12.940000       0.000002      12.940000       0.000002      12.940000       0.000002
           7.95      12.950000       0.000000      12.950000       0.000000      12.950000       0.000000
           7.96      12.960000       0.000001      12.959999       0.000006      12.959999       0.000006
           7.97      12.969999       0.000004      12.969999       0.000004      12.969999       0.000004
           7.98      12.980000       0.000002      12.980000       0.000002      12.980000       0.000002
           7.99      12.990000       0.000001      12.990000       0.000001      12.990000       0.000001
           8.00      13.000000       0.000001      13.000000       0.000001      13.000000       0.000001
           8.01      13.009999       0.000004      13.010000       0.000003      13.010000       0.000003
           8.02      13.020000       0.000003      13.020000       0.000005      13.020000       0.000003
           8.03      13.030000       0.000001      13.030000       0.000001      13.030000       0.000001
           8.04      13.040000       0.000001      13.040000       0.000001      13.040000       0.000001
           8.05      13.049999       0.000005      13.050000       0.000003      13.050000       0.000003
           8.06      13.060000       0.000004      13.059999       0.000003      13.059999       0.000003
           8.07      13.070000       0.000001      13.070000       0.000001      13.070000       0.000001
           8.08      13.080000       0.000001      13.080000       0.000001      13.080000       0.000001
           8.09      13.089999       0.000005      13.090000       0.000002      13.090000       0.000002
           8.10      13.099999       0.000003      13.099999       0.000003      13.100000       0.000004
           8.11      13.110000       0.000001      13.110000       0.000001      13.110000       0.000001
           8.12      13.120000       0.000000      13.120000       0.000000      13.120000       0.000000
           8.13      13.130000       0.000002      13.130000       0.000002      13.130000       0.000002
           8.14      13.139999       0.000003      13.140000       0.000004      13.139999       0.000003
           8.15      13.150000       0.000002      13.150000       0.000002      13.150000       0.000002
           8.16      13.160000       0.000000      13.160000       0.000000      13.160000       0.000000
           8.17      13.170000       0.000002      13.170000       0.000002      13.170000       0.000002
           8.18      13.180000       0.000004      13.180000       0.000004      13.179999       0.000004
           8.19      13.190000       0.000002      13.190000       0.000002      13.190001       0.000005
           8.20      13.200000       0.000000      13.200000       0.000000      13.200000       0.000000
           8.21      13.210000       0.000002      13.210000       0.000002      13.210000       0.000002
           8.22      13.220000       0.000003      13.219999       0.000004      13.220000       0.000003
           8.23      13.230000       0.000005      13.230000       0.000002      13.230000       0.000002
           8.24      13.240000       0.000001      13.240000       0.000001      13.240000       0.000001
           8.25      13.250000       0.000001      13.250000       0.000001      13.250000       0.000001
           8.26      13.260000       0.000003      13.259999       0.000004      13.260000       0.000003
           8.27      13.270000       0.000003      13.270000       0.000003      13.270000       0.000005
           8.28      13.280000       0.000001      13.280000       0.000001      13.280000       0.000001
           8.29      13.289999       0.000006      13.290000       0.000001      13.290000       0.000001
           8.30      13.300000       0.000003      13.300000       0.000003      13.299999       0.000005
           8.31      13.309999       0.000003      13.309999       0.000003      13.309999       0.000003
           8.32      13.320000       0.000001      13.320000       0.000001      13.320000       0.000001
           8.33      13.330000       0.000001      13.330000       0.000001      13.330000       0.000001
           8.34      13.340000       0.000002      13.340000       0.000002      13.339999       0.000005
           8.35      13.350000       0.000004      13.349999       0.000003      13.349999       0.000003
           8.36      13.360001       0.000006      13.360000       0.000001      13.360000       0.000001
           8.37      13.370000       0.000000      13.370000       0.000000      13.370000       0.000000
           8.38      13.380000       0.000002      13.380000       0.000002      13.380000       0.000002
           8.39      13.389999       0.000003      13.390000       0.000004      13.389999       0.000003
           8.40      13.400000       0.000002      13.400000       0.000002      13.400000       0.000002
           8.41      13.410000       0.000000      13.410000       0.000000      13.410000       0.000000
           8.42      13.419999       0.000005      13.420000       0.000002      13.420000       0.000002
           8.43      13.429999       0.000004      13.430000       0.000004      13.430000       0.000004
           8.44      13.440000       0.000002      13.440000       0.000002      13.440000       0.000002
           8.45      13.450000       0.000000      13.450000       0.000000      13.450000       0.000000
           8.46      13.460000       0.000002      13.460000       0.000002      13.460000       0.000002
           8.47      13.469999       0.000004      13.470000       0.000003      13.469999       0.000004
           8.48      13.480000       0.000005      13.480000       0.000002      13.480000       0.000002
           8.49      13.490000       0.000000      13.490000       0.000000      13.490000       0.000000
           8.50      13.500000       0.000001      13.500000       0.000001      13.500000       0.000001
           8.51      13.510000       0.000003      13.510000       0.000003      13.509999       0.000004
           8.52      13.520000       0.000005      13.520000       0.000002      13.520000       0.000002
           8.53      13.530001       0.000006      13.530000       0.000001      13.530000       0.000001
           8.54      13.539999       0.000006      13.540000       0.000001      13.540000       0.000001
           8.55      13.549999       0.000004      13.550000       0.000003      13.550000       0.000003
           8.56      13.559999       0.000003      13.559999       0.000003      13.559999       0.000003
           8.57      13.570000       0.000001      13.570000       0.000001      13.570000       0.000001
           8.58      13.580000       0.000001      13.580000       0.000001      13.580000       0.000001
           8.59      13.589999       0.000005      13.590000       0.000002      13.589999       0.000005
           8.60      13.600000       0.000004      13.599999       0.000003      13.600000       0.000004
           8.61      13.610000       0.000001      13.610000       0.000001      13.610000       0.000001
           8.62      13.620000       0.000000      13.620000       0.000000      13.620000       0.000000
           8.63      13.630000       0.000002      13.629999       0.000005      13.630000       0.000002
           8.64      13.639999       0.000003      13.639999       0.000003      13.639999       0.000003
           8.65      13.650001       0.000005      13.650000       0.000002      13.650000       0.000002
           8.66      13.660000       0.000000      13.660000       0.000000      13.660000       0.000000
           8.67      13.670000       0.000002      13.670000       0.000002      13.670000       0.000002
           8.68      13.680000       0.000003      13.679999       0.000003      13.680000       0.000003
           8.69      13.690000       0.000002      13.690000       0.000002      13.690001       0.000005
           8.70      13.700000       0.000000      13.700000       0.000000      13.700000       0.000000
           8.71      13.710000       0.000002      13.710000       0.000002      13.710000       0.000002
           8.72      13.720000       0.000003      13.720000       0.000003      13.719999       0.000004
           8.73      13.730000       0.000002      13.730000       0.000002      13.730000       0.000005
           8.74      13.740000       0.000000      13.740000       0.000000      13.740000       0.000000
           8.75      13.750000       0.000001      13.750000       0.000001      13.750000       0.000001
           8.76      13.760000       0.000003      13.759999       0.000004      13.760000       0.000003
           8.77      13.770000       0.000002      13.770000       0.000002      13.770000       0.000002
           8.78      13.780000       0.000001      13.780000       0.000001      13.780000       0.000001
           8.79      13.790000       0.000001      13.790000       0.000001      13.790000       0.000001
           8.80      13.800000       0.000003      13.800000       0.000003      13.799999       0.000004
           8.81      13.809999       0.000003      13.810000       0.000004      13.809999       0.000003
           8.82      13.820000       0.000001      13.820000       0.000001      13.820000       0.000001
           8.83      13.830000       0.000001      13.830000       0.000001      13.830000       0.000001
           8.84      13.840000       0.000002      13.839999       0.000005      13.839999       0.000005
           8.85      13.849999       0.000003      13.849999       0.000003      13.849999       0.000003
           8.86      13.860001       0.000006      13.860000       0.000001      13.860000       0.000001
           8.87      13.870000       0.000000      13.870000       0.000000      13.870000       0.000000
           8.88      13.880000       0.000002      13.880000       0.000002      13.880000       0.000002
           8.89      13.889999       0.000003      13.889999       0.000003      13.890000       0.000004
           8.90      13.900001       0.000005      13.900000       0.000001      13.900000       0.000001
           8.91      13.910000       0.000000      13.910000       0.000000      13.910000       0.000000
           8.92      13.920000       0.000002      13.920000       0.000002      13.920000       0.000002
           8.93      13.929999       0.000003      13.929999       0.000003      13.930000       0.000003
           8.94      13.940000       0.000002      13.940000       0.000002      13.940001       0.000005
           8.95      13.950000       0.000000      13.950000       0.000000      13.950000       0.000000
           8.96      13.959999       0.000005      13.960000       0.000002      13.960000       0.000002
           8.97      13.970000       0.000003      13.970000       0.000003      13.969999       0.000004
           8.98      13.980000       0.000005      13.980000       0.000005      13.980000       0.000005
           8.99      13.990000       0.000000      13.990000       0.000000      13.990000       0.000000
           9.00      14.000000       0.000001      14.000000       0.000001      14.000000       0.000001
           9.01      14.010000       0.000003      14.009999       0.000004      14.010000       0.000003
           9.02      14.020000       0.000005      14.020000       0.000005      14.020000       0.000002
           9.03      14.030001       0.000006      14.030000       0.000001      14.030000       0.000001
           9.04      14.039999       0.000006      14.040000       0.000001      14.040000       0.000001
           9.05      14.050000       0.000003      14.050000       0.000003      14.050000       0.000003
           9.06      14.059999       0.000003      14.059999       0.000003      14.059999       0.000003
           9.07      14.070000       0.000001      14.070000       0.000001      14.070001       0.000006
           9.08      14.080000       0.000001      14.080000       0.000001      14.080000       0.000001
           9.09      14.089999       0.000004      14.090000       0.000002      14.090000       0.000002
           9.10      14.100000       0.000004      14.099999       0.000003      14.100000       0.000004
           9.11      14.110000       0.000001      14.110000       0.000001      14.110000       0.000001
           9.12      14.120000       0.000000      14.120000       0.000000      14.119999       0.000006
           9.13      14.130000       0.000002      14.130000       0.000002      14.129999       0.000005
           9.14      14.140000       0.000004      14.139999       0.000003      14.139999       0.000003
           9.15      14.150001       0.000005      14.150000       0.000001      14.150000       0.000001
           9.16      14.160000       0.000000      14.160000       0.000000      14.160000       0.000000
           9.17      14.170000       0.000002      14.170000       0.000002      14.169999       0.000005
           9.18      14.179999       0.000003      14.180000       0.000003      14.179999       0.000003
           9.19      14.190000       0.000002      14.190000       0.000002      14.190000       0.000002
           9.20      14.200000       0.000000      14.200000       0.000000      14.200000       0.000000
           9.21      14.210000       0.000002      14.210000       0.000002      14.210000       0.000002
           9.22      14.219999       0.000004      14.220000       0.000003      14.220000       0.000003
           9.23      14.230000       0.000002      14.230000       0.000002      14.230000       0.000005
           9.24      14.240000       0.000000      14.240000       0.000000      14.240000       0.000000
           9.25      14.250000       0.000001      14.250000       0.000001      14.250000       0.000001
           9.26      14.260000       0.000003      14.260000       0.000003      14.260000       0.000003
           9.27      14.270000       0.000002      14.270000       0.000002      14.270000       0.000002
           9.28      14.280001       0.000006      14.280000       0.000001      14.280000       0.000001
           9.29      14.290000       0.000001      14.290000       0.000001      14.290000       0.000001
           9.30      14.300000       0.000003      14.300000       0.000003      14.299999       0.000004
           9.31      14.309999       0.000002      14.309999       0.000002      14.310000       0.000004
           9.32      14.320000       0.000001      14.320000       0.000001      14.320000       0.000001
           9.33      14.330000       0.000001      14.330000       0.000001      14.330000       0.000001
           9.34      14.339999       0.000004      14.340000       0.000002      14.339999       0.000004
           9.35      14.349999       0.000003      14.349999       0.000003      14.349999       0.000003
           9.36      14.360000       0.000001      14.360000       0.000001      14.360000       0.000001
           9.37      14.370000       0.000001      14.370000       0.000001      14.370000       0.000001
           9.38      14.379999       0.000005      14.380000       0.000002      14.379999       0.000005
           9.39      14.389999       0.000003      14.389999       0.000003      14.390000       0.000004
           9.40      14.400001       0.000005      14.400000       0.000001      14.400000       0.000001
           9.41      14.410000       0.000000      14.410000       0.000000      14.410000       0.000000
           9.42      14.419999       0.000005      14.420000       0.000002      14.420000       0.000002
           9.43      14.429999       0.000003      14.429999       0.000003      14.429999       0.000003
           9.44      14.440000       0.000002      14.440000       0.000002      14.440000       0.000002
           9.45      14.450000       0.000000      14.450000       0.000000      14.450000       0.000000
           9.46      14.459999       0.000005      14.460000       0.000002      14.460000       0.000002
           9.47      14.470000       0.000003      14.470000       0.000003      14.470000       0.000003
           9.48      14.480000       0.000005      14.480000       0.000002      14.480000       0.000002
           9.49      14.490000       0.000000      14.490000       0.000000      14.490000       0.000000
           9.50      14.500000       0.000001      14.500000       0.000001      14.500000       0.000001
           9.51      14.510000       0.000003      14.510000       0.000003      14.510000       0.000003
           9.52      14.520000       0.000004      14.520000       0.000002      14.520000       0.000004
           9.53      14.530000       0.000001      14.530000       0.000001      14.530000       0.000001
           9.54      14.540000       0.000001      14.540000       0.000001      14.540000       0.000001
           9.55      14.550000       0.000003      14.550000       0.000003      14.550000       0.000003
           9.56      14.559999       0.000002      14.559999       0.000002      14.559999       0.000002
           9.57      14.570000       0.000001      14.570000       0.000001      14.570000       0.000001
           9.58      14.579999       0.000006      14.580000       0.000001      14.580000       0.000001
           9.59      14.590000       0.000002      14.590000       0.000002      14.590000       0.000002
           9.60      14.600000       0.000004      14.599999       0.000003      14.600000       0.000004
           9.61      14.610000       0.000001      14.610000       0.000001      14.610000       0.000001
           9.62      14.620000       0.000001      14.620000       0.000001      14.620000       0.000001
           9.63      14.630000       0.000002      14.630000       0.000002      14.630000       0.000002
           9.64      14.640000       0.000004      14.639999       0.000003      14.639999       0.000003
           9.65      14.650000       0.000001      14.650000       0.000001      14.650000       0.000001
           9.66      14.660000       0.000000      14.660000       0.000000      14.660000       0.000000
           9.67      14.670000       0.000002      14.670000       0.000002      14.670000       0.000002
           9.68      14.679999       0.000003      14.679999       0.000003      14.680000       0.000003
           9.69      14.690000       0.000002      14.690000       0.000002      14.690000       0.000002
           9.70      14.700000       0.000000      14.700000       0.000000      14.700000       0.000000
           9.71      14.709999       0.000005      14.710000       0.000002      14.710000       0.000002
           9.72      14.719999       0.000003      14.720000       0.000003      14.719999       0.000003
           9.73      14.730000       0.000002      14.730000       0.000002      14.730000       0.000002
           9.74      14.740000       0.000000      14.740000       0.000000      14.740000       0.000000
           9.75      14.750000       0.000001      14.750000       0.000001      14.750000       0.000001
           9.76      14.759999       0.000004      14.760000       0.000003      14.760000       0.000003
           9.77      14.770000       0.000004      14.770000       0.000002      14.770000       0.000002
           9.78      14.780000       0.000000      14.780000       0.000000      14.780000       0.000000
           9.79      14.790000       0.000001      14.790000       0.000001      14.790000       0.000001
           9.80      14.800000       0.000003      14.800000       0.000003      14.800000       0.000003
           9.81      14.809999       0.000002      14.809999       0.000002      14.809999       0.000002
           9.82      14.820000       0.000001      14.820000       0.000001      14.820000       0.000001
           9.83      14.830000       0.000001      14.830000       0.000001      14.830000       0.000001
           9.84      14.839999       0.000004      14.840000       0.000002      14.839999       0.000004
           9.85      14.849999       0.000003      14.849999       0.000003      14.849999       0.000003
           9.86      14.860000       0.000001      14.860000       0.000001      14.860000       0.000001
           9.87      14.870000       0.000001      14.870000       0.000001      14.870000       0.000001
           9.88      14.879999       0.000004      14.880000       0.000002      14.880000       0.000002
           9.89      14.889999       0.000003      14.890000       0.000004      14.889999       0.000003
           9.90      14.900000       0.000001      14.900000       0.000001      14.900001       0.000005
           9.91      14.910000       0.000000      14.910000       0.000000      14.910000       0.000000
           9.92      14.920000       0.000002      14.920000       0.000002      14.919999       0.000005
           9.93      14.929999       0.000003      14.929999       0.000003      14.930000       0.000003
           9.94      14.940001       0.000005      14.940000       0.000001      14.940000       0.000001
           9.95      14.950000       0.000000      14.950000       0.000000      14.950000       0.000000
           9.96      14.960000       0.000002      14.960000       0.000002      14.960000       0.000002
           9.97      14.970000       0.000003      14.970000       0.000003      14.969999       0.000003
           9.98      14.980000       0.000002      14.980000       0.000005      14.980000       0.000002
           9.99      14.990000       0.000000      14.990000       0.000000      14.990000       0.000000
          10.00      15.000000       0.000001      14.999999       0.000005      15.000000       0.000001
