             x      Linear LP     L_Error(%)   Quadratic LP     Q_Error(%)       Cubic LP     C_Error(%) 
           1.51      14.849390       0.006965      14.847635       0.004853      14.848356       0.000002
           1.52      14.911281       0.012431      14.908160       0.008498      14.909427       0.000003
           1.53      14.973170       0.016372      14.969075       0.010982      14.970720       0.000007
           1.54      15.035060       0.018775      15.030380       0.012356      15.032238       0.000003
           1.55      15.096950       0.019624      15.092075       0.012668      15.093987       0.000000
           1.56      15.158840       0.018909      15.154160       0.011968      15.155974       0.000000
           1.57      15.220730       0.016599      15.216635       0.010310      15.218204       0.000001
           1.58      15.282619       0.012687      15.279500       0.007727      15.280681       0.000001
           1.59      15.344509       0.007156      15.342755       0.004274      15.343411       0.000002
           1.60      15.406400       0.000002      15.406400       0.000002      15.406400       0.000002
           1.61      15.485839       0.104631      15.470434       0.005051      15.469652       0.000005
           1.62      15.565279       0.206679      15.534859       0.010838      15.533174       0.000010
           1.63      15.644719       0.306129      15.599673       0.017317      15.596972       0.000001
           1.64      15.724159       0.402972      15.664879       0.024451      15.661049       0.000004
           1.65      15.803599       0.497201      15.730474       0.032184      15.725411       0.000007
           1.66      15.883039       0.588808      15.796459       0.040486      15.790066       0.000004
           1.67      15.962480       0.677785      15.862833       0.049299      15.855016       0.000006
           1.68      16.041920       0.764126      15.929599       0.058605      15.920268       0.000004
           1.69      16.121359       0.847818      15.996754       0.068346      15.985827       0.000004
           1.70      16.200800       0.928873      16.064299       0.078488      16.051699       0.000008
           1.71      16.280239       1.007261      16.132235       0.088999      16.117889       0.000003
           1.72      16.359678       1.082988      16.200560       0.099827      16.184402       0.000004
           1.73      16.439119       1.156060      16.269274       0.110936      16.251244       0.000010
           1.74      16.518560       1.226460      16.338379       0.122299      16.318420       0.000007
           1.75      16.598000       1.294171      16.407873       0.133869      16.385937       0.000004
           1.76      16.677441       1.359214      16.477760       0.145632      16.453798       0.000000
           1.77      16.756880       1.421559      16.548033       0.157506      16.522009       0.000005
           1.78      16.836319       1.481216      16.618698       0.169502      16.590576       0.000004
           1.79      16.915760       1.538191      16.689754       0.181575      16.659504       0.000007
           1.80      16.995199       1.592459      16.761198       0.193667      16.728798       0.000012
           1.81      17.074640       1.644039      16.833035       0.205779      16.798466       0.000007
           1.82      17.154079       1.692907      16.905260       0.217855      16.868509       0.000011
           1.83      17.233519       1.739072      16.977875       0.229864      16.938936       0.000012
           1.84      17.312960       1.782543      17.050879       0.241773      17.009752       0.000007
           1.85      17.392399       1.823295      17.124273       0.253562      17.080961       0.000007
           1.86      17.471840       1.861351      17.198057       0.265190      17.152569       0.000009
           1.87      17.551279       1.896687      17.272234       0.276647      17.224583       0.000000
           1.88      17.630720       1.929325      17.346798       0.287872      17.297005       0.000000
           1.89      17.710159       1.959242      17.421753       0.298856      17.369841       0.000008
           1.90      17.789600       1.986461      17.497099       0.309572      17.443098       0.000011
           1.91      17.869040       2.010961      17.572830       0.319958      17.516781       0.000017
           1.92      17.948479       2.032753      17.648960       0.330063      17.590899       0.000004
           1.93      18.027920       2.051850      17.725471       0.339761      17.665449       0.000012
           1.94      18.107361       2.068242      17.802380       0.349112      17.740446       0.000003
           1.95      18.186798       2.081910      17.879673       0.358026      17.815886       0.000011
           1.96      18.266239       2.092899      17.957359       0.366520      17.891783       0.000002
           1.97      18.345680       2.101190      18.035431       0.374526      17.968134       0.000009
           1.98      18.425119       2.106776      18.113899       0.382082      18.044952       0.000002
           1.99      18.504560       2.109681      18.192753       0.389101      18.122238       0.000005
           2.00      18.584000       2.109889      18.271999       0.395601      18.199999       0.000006
           2.01      18.663441       2.107423      18.351635       0.401538      18.278238       0.000014
           2.02      18.742880       2.102269      18.431658       0.406879      18.356966       0.000006
           2.03      18.822319       2.094440      18.512074       0.411632      18.436182       0.000012
           2.04      18.901760       2.083953      18.592878       0.415755      18.515896       0.000009
           2.05      18.981199       2.070792      18.674076       0.419247      18.596113       0.000004
           2.06      19.060640       2.054984      18.755657       0.422036      18.676832       0.000011
           2.07      19.140079       2.036515      18.837633       0.424162      18.758068       0.000003
           2.08      19.219519       2.015401      18.919998       0.425575      18.839821       0.000001
           2.09      19.298960       1.991660      19.002756       0.426275      18.922096       0.000001
           2.10      19.378399       1.965277      19.085897       0.426193      19.004900       0.000000
           2.11      19.457838       1.936272      19.169434       0.425371      19.088236       0.000010
           2.12      19.537281       1.904672      19.253359       0.423760      19.172113       0.000009
           2.13      19.616720       1.870445      19.337671       0.421333      19.256536       0.000004
           2.14      19.696159       1.833621      19.422379       0.418111      19.341509       0.000003
           2.15      19.775600       1.794216      19.507475       0.414049      19.427036       0.000006
           2.16      19.855040       1.752222      19.592958       0.409120      19.513123       0.000019
           2.17      19.934481       1.707667      19.678833       0.403328      19.599781       0.000003
           2.18      20.013920       1.660543      19.765097       0.396647      19.687008       0.000004
           2.19      20.093359       1.610867      19.851755       0.389092      19.774813       0.000001
           2.20      20.172800       1.558662      19.938799       0.380599      19.863199       0.000003
           2.21      20.252239       1.503919      19.880201       0.360730      19.952173       0.000008
           2.22      20.331678       1.446657      19.973444       0.340784      20.041742       0.000004
           2.23      20.411119       1.386899      20.067329       0.320788      20.131908       0.000009
           2.24      20.490561       1.324647      20.161856       0.300780      20.222681       0.000002
           2.25      20.570000       1.259902      20.257023       0.280788      20.314062       0.000001
           2.26      20.649439       1.192688      20.352835       0.260822      20.406057       0.000004
           2.27      20.728880       1.123026      20.449289       0.240919      20.498674       0.000001
           2.28      20.808319       1.050910      20.546383       0.221124      20.591915       0.000007
           2.29      20.887760       0.976372      20.644119       0.201446      20.685789       0.000004
           2.30      20.967199       0.899407      20.742500       0.181901      20.780300       0.000001
           2.31      21.046640       0.820048      20.841520       0.162542      20.875450       0.000008
           2.32      21.126080       0.738289      20.941183       0.143377      20.971251       0.000002
           2.33      21.205519       0.654156      21.041489       0.124430      21.067701       0.000008
           2.34      21.284960       0.567670      21.142435       0.105734      21.164812       0.000006
           2.35      21.364401       0.478839      21.244026       0.087295      21.262587       0.000003
           2.36      21.443840       0.387668      21.346254       0.069172      21.361031       0.000002
           2.37      21.523279       0.294181      21.449129       0.051344      21.460148       0.000002
           2.38      21.602718       0.198395      21.552643       0.033867      21.559944       0.000002
           2.39      21.682159       0.100333      21.656799       0.016748      21.660427       0.000001
           2.40      21.761600       0.000003      21.761600       0.000003      21.761599       0.000006
           2.41      21.882771       0.088284      21.859983       0.015941      21.863468       0.000002
           2.42      22.003939       0.172538      21.959299       0.030683      21.966038       0.000006
           2.43      22.125109       0.252806      22.059544       0.044281      22.069317       0.000004
           2.44      22.246279       0.329105      22.160719       0.056764      22.173306       0.000001
           2.45      22.367449       0.401457      22.262825       0.068172      22.278011       0.000004
           2.46      22.488619       0.469886      22.365860       0.078550      22.383442       0.000001
           2.47      22.609789       0.534418      22.469824       0.087937      22.489599       0.000006
           2.48      22.730959       0.595076      22.574718       0.096360      22.596493       0.000001
           2.49      22.852129       0.651887      22.680544       0.103858      22.704123       0.000006
           2.50      22.973299       0.704874      22.787300       0.110464      22.812500       0.000001
           2.51      23.094469       0.754063      22.894983       0.116232      22.921625       0.000002
           2.52      23.215639       0.799479      23.003599       0.121172      23.031506       0.000006
           2.53      23.336809       0.841150      23.113144       0.125335      23.142149       0.000000
           2.54      23.457979       0.879099      23.223619       0.128745      23.253557       0.000001
           2.55      23.579149       0.913354      23.335024       0.131446      23.365738       0.000003
           2.56      23.700319       0.943942      23.447359       0.133462      23.478695       0.000003
           2.57      23.821489       0.970887      23.560625       0.134824      23.592434       0.000002
           2.58      23.942659       0.994218      23.674820       0.135574      23.706961       0.000001
           2.59      24.063829       1.013961      23.789944       0.135743      23.822279       0.000008
           2.60      24.184999       1.030143      23.905998       0.135354      23.938398       0.000006
           2.61      24.306168       1.042784      24.022984       0.134436      24.055323       0.000000
           2.62      24.427340       1.051934      24.140900       0.133021      24.173054       0.000005
           2.63      24.548510       1.057598      24.259743       0.131153      24.291601       0.000003
           2.64      24.669678       1.059804      24.379519       0.128839      24.410969       0.000002
           2.65      24.790850       1.058602      24.500225       0.126114      24.531162       0.000000
           2.66      24.912020       1.053998      24.621859       0.123021      24.652185       0.000003
           2.67      25.033190       1.046028      24.744425       0.119567      24.774046       0.000002
           2.68      25.154360       1.034719      24.867918       0.115800      24.896748       0.000004
           2.69      25.275530       1.020100      24.992344       0.111725      25.020298       0.000001
           2.70      25.396700       1.002200      25.117699       0.107382      25.144699       0.000002
           2.71      25.517870       0.981048      25.243984       0.102791      25.269958       0.000004
           2.72      25.639040       0.956672      25.371199       0.097984      25.396084       0.000004
           2.73      25.760208       0.929093      25.499344       0.092979      25.523073       0.000007
           2.74      25.881380       0.898364      25.628420       0.087799      25.650942       0.000002
           2.75      26.002550       0.864491      25.758423       0.082485      25.779686       0.000005
           2.76      26.123718       0.827502      25.889359       0.077036      25.909317       0.000004
           2.77      26.244890       0.787451      26.021225       0.071484      26.039839       0.000002
           2.78      26.366058       0.744335      26.154018       0.065866      26.171257       0.000002
           2.79      26.487228       0.698208      26.287743       0.060190      26.303574       0.000004
           2.80      26.608400       0.649098      26.422400       0.054470      26.436798       0.000006
           2.81      26.729568       0.597013      26.557985       0.048742      26.570936       0.000001
           2.82      26.850739       0.542005      26.694498       0.043034      26.705990       0.000004
           2.83      26.971910       0.484102      26.831945       0.037339      26.841969       0.000002
           2.84      27.093079       0.423314      26.970320       0.031704      26.978872       0.000003
           2.85      27.214249       0.359692      27.109623       0.026143      27.116713       0.000002
           2.86      27.335419       0.293257      27.249859       0.020660      27.255487       0.000009
           2.87      27.456589       0.224041      27.391026       0.015283      27.395212       0.000000
           2.88      27.577759       0.152072      27.533119       0.010042      27.535883       0.000005
           2.89      27.698929       0.077381      27.676144       0.004943      27.677511       0.000002
           2.90      27.820099       0.000002      27.820099       0.000002      27.820101       0.000004
           2.91      27.978468       0.052978      27.964985       0.004761      27.963654       0.000000
           2.92      28.136839       0.101964      28.110800       0.009325      28.108177       0.000006
           2.93      28.295208       0.146980      28.257544       0.013672      28.253681       0.000001
           2.94      28.453579       0.188076      28.405220       0.017799      28.400166       0.000002
           2.95      28.611950       0.225283      28.553823       0.021671      28.547636       0.000003
           2.96      28.770319       0.258631      28.703360       0.025292      28.696102       0.000001
           2.97      28.928690       0.288172      28.853825       0.028633      28.845566       0.000002
           2.98      29.087059       0.313928      29.005220       0.031687      28.996031       0.000005
           2.99      29.245430       0.335951      29.157545       0.034433      29.147509       0.000000
           3.00      29.403799       0.354265      29.310799       0.036857      29.299999       0.000001
           3.01      29.562168       0.368913      29.464983       0.038952      29.453510       0.000000
           3.02      29.720539       0.379939      29.620100       0.040710      29.608046       0.000004
           3.03      29.878910       0.387373      29.776144       0.042099      29.763615       0.000003
           3.04      30.037281       0.391254      29.933119       0.043121      29.920218       0.000002
           3.05      30.195650       0.391611      30.091024       0.043761      30.077862       0.000001
           3.06      30.354021       0.388494      30.249859       0.044003      30.236555       0.000004
           3.07      30.512388       0.381922      30.409624       0.043841      30.396297       0.000002
           3.08      30.670759       0.371956      30.570320       0.043263      30.557100       0.000000
           3.09      30.829130       0.358621      30.731943       0.042246      30.718966       0.000000
           3.10      30.987499       0.341947      30.894499       0.040799      30.881899       0.000002
           3.11      31.145870       0.321984      31.057983       0.038898      31.045906       0.000004
           3.12      31.304239       0.298756      31.222399       0.036539      31.210995       0.000000
           3.13      31.462610       0.272311      31.387743       0.033707      31.377167       0.000000
           3.14      31.620981       0.242681      31.554020       0.030405      31.544430       0.000003
           3.15      31.779348       0.209889      31.721226       0.026610      31.712786       0.000004
           3.16      31.937719       0.173995      31.889360       0.022315      31.882246       0.000001
           3.17      32.096088       0.135019      32.058426       0.017517      32.052811       0.000001
           3.18      32.254459       0.093008      32.228420       0.012202      32.224487       0.000003
           3.19      32.412830       0.047991      32.399345       0.006368      32.397282       0.000002
           3.20      32.571201       0.000006      32.571198       0.000006      32.571201       0.000006
           3.21      32.885330       0.424739      32.751518       0.016106      32.746243       0.000005
           3.22      33.199459       0.841483      32.933254       0.032901      32.922424       0.000005
           3.23      33.513588       1.250307      33.116402       0.050339      33.099739       0.000002
           3.24      33.827717       1.651279      33.300968       0.068415      33.278202       0.000003
           3.25      34.141850       2.044478      33.486950       0.087089      33.457813       0.000004
           3.26      34.455978       2.429950      33.674347       0.106334      33.638577       0.000004
           3.27      34.770107       2.807774      33.863163       0.126134      33.820503       0.000002
           3.28      35.084240       3.178028      34.053391       0.146439      34.003597       0.000004
           3.29      35.398369       3.540758      34.245037       0.167246      34.187855       0.000013
           3.30      35.712498       3.896043      34.438099       0.188517      34.373299       0.000002
           3.31      36.026627       4.243949      34.632576       0.210229      34.559917       0.000011
           3.32      36.340759       4.584555      34.828472       0.232365      34.747730       0.000001
           3.33      36.654888       4.917906      35.025784       0.254892      34.936729       0.000009
           3.34      36.969021       5.244090      35.224506       0.277774      35.126930       0.000007
           3.35      37.283150       5.563153      35.424648       0.301010      35.318333       0.000011
           3.36      37.597279       5.875171      35.626209       0.324575      35.510948       0.000004
           3.37      37.911407       6.180211      35.829182       0.348426      35.704777       0.000000
           3.38      38.225536       6.478339      36.033569       0.372552      35.899822       0.000005
           3.39      38.539669       6.769632      36.239380       0.396950      36.096092       0.000011
           3.40      38.853798       7.054133      36.446602       0.421569      36.293598       0.000003
           3.41      39.167931       7.331930      36.655235       0.446388      36.492336       0.000005
           3.42      39.482059       7.603066      36.865295       0.471426      36.692314       0.000011
           3.43      39.796188       7.867617      37.076763       0.496612      36.893543       0.000006
           3.44      40.110317       8.125648      37.289646       0.521947      37.096020       0.000013
           3.45      40.424446       8.377224      37.503948       0.547421      37.299755       0.000017
           3.46      40.738579       8.622418      37.719669       0.573015      37.504757       0.000012
           3.47      41.052708       8.861275      37.936802       0.598690      37.711029       0.000002
           3.48      41.366840       9.093878      38.155354       0.624448      37.918571       0.000001
           3.49      41.680969       9.320270      38.375317       0.650250      38.127388       0.000014
           3.50      41.995098       9.540526      38.596699       0.676100      38.337490       0.000023
           3.51      42.309227       9.754708      38.819496       0.701969      38.548897       0.000005
           3.52      42.623360       9.962888      39.043713       0.727850      38.761578       0.000022
           3.53      42.937489      10.165110      39.269341       0.753708      38.975574       0.000010
           3.54      43.251617      10.361444      39.496387       0.779546      39.190872       0.000011
           3.55      43.565750      10.551964      39.724850       0.805337      39.407482       0.000011
           3.56      43.879879      10.736710      39.954727       0.831067      39.625408       0.000013
           3.57      44.194008      10.915754      40.186024       0.856730      39.844654       0.000022
           3.58      44.508137      11.089156      40.418732       0.882291      40.065228       0.000031
           3.59      44.822269      11.256987      40.652855       0.907746      40.287148       0.000006
           3.60      45.136398      11.419289      40.888401       0.933099      40.510387       0.000028
           3.61      45.450527      11.576129      41.125359       0.958308      40.734982       0.000025
           3.62      45.764660      11.727579      41.363731       0.983369      40.960926       0.000020
           3.63      46.078789      11.873677      41.603519       1.008269      41.188217       0.000034
           3.64      46.392921      12.014502      41.844730       1.033013      41.416874       0.000035
           3.65      46.707047      12.150085      42.087349       1.057552      41.646904       0.000018
           3.66      47.021179      12.280521      42.331390       1.081909      41.878292       0.000032
           3.67      47.335308      12.405840      42.576843       1.106046      42.111069       0.000016
           3.68      47.649437      12.526109      42.823711       1.129959      42.345219       0.000021
           3.69      47.963570      12.641394      43.071995       1.153638      42.580757       0.000023
           3.70      48.277699      12.751735      43.321697       1.177080      42.817684       0.000034
           3.71      48.591831      12.857206      43.572819       1.200273      43.056007       0.000050
           3.72      48.905956      12.957837      43.825352       1.223191      43.295746       0.000037
           3.73      49.220085      13.053710      44.079304       1.245839      43.536896       0.000019
           3.74      49.534218      13.144880      44.334663       1.268181      43.779449       0.000025
           3.75      49.848347      13.231385      44.591446       1.290244      44.023418       0.000041
           3.76      50.162479      13.313298      44.849651       1.312016      44.268826       0.000026
           3.77      50.476608      13.390656      45.109257       1.333437      44.515652       0.000038
           3.78      50.790741      13.463529      45.370289       1.354558      44.763924       0.000027
           3.79      51.104866      13.531947      45.632740       1.375352      45.013634       0.000022
           3.80      51.418995      13.595987      45.896599       1.395787      45.264782       0.000037
           3.81      51.733128      13.655704      46.161877       1.415878      45.517387       0.000040
           3.82      52.047256      13.711132      46.428570       1.435610      45.771454       0.000035
           3.83      52.361389      13.762341      46.696686       1.454991      46.026985       0.000026
           3.84      52.675522      13.809374      46.966213       1.473989      46.283978       0.000032
           3.85      52.989651      13.852275      47.237156       1.492604      46.542442       0.000040
           3.86      53.303776      13.891094      47.509506       1.510814      46.802399       0.000022
           3.87      53.617908      13.925908      47.783283       1.528651      47.063828       0.000029
           3.88      53.932037      13.956741      48.058472       1.546077      47.326740       0.000049
           3.89      54.246170      13.983661      48.335075       1.563094      47.591175       0.000012
           3.90      54.560299      14.006700      48.613098       1.579702      47.857086       0.000026
           3.91      54.874432      14.025924      48.892536       1.595888      48.124496       0.000054
           3.92      55.188560      14.041366      49.173389       1.611647      48.393444       0.000028
           3.93      55.502686      14.053075      49.455662       1.626980      48.663895       0.000031
           3.94      55.816818      14.061122      49.739349       1.641873      48.935863       0.000042
           3.95      56.130947      14.065530      50.024448       1.656315      49.209370       0.000033
           3.96      56.445080      14.066364      50.310970       1.670323      49.484398       0.000046
           3.97      56.759209      14.063655      50.598904       1.683868      49.760971       0.000046
           3.98      57.073341      14.057464      50.888252       1.696955      50.039112       0.000002
           3.99      57.387470      14.047823      51.179020       1.709585      50.318756       0.000043
           4.00      57.701595      14.034777      51.471203       1.721748      50.599979       0.000038
           4.01      58.015728      14.018394      51.764801       1.733439      50.882767       0.000025
           4.02      58.329861      13.998705      52.059811       1.744646      51.167103       0.000045
           4.03      58.643990      13.975747      52.356243       1.755388      51.453011       0.000062
           4.04      58.958118      13.949570      52.654087       1.765639      51.740520       0.000030
           4.05      59.272251      13.920228      52.953346       1.775403      52.029594       0.000032
           4.06      59.586380      13.887747      51.402592       1.753968      52.320259       0.000026
           4.07      59.900509      13.852180      51.701172       1.732202      52.612492       0.000067
           4.08      60.214638      13.813568      52.001556       1.710234      52.906353       0.000049
           4.09      60.528770      13.771961      52.303791       1.687993      53.201817       0.000034
           4.10      60.842899      13.727387      52.607822       1.665597      53.498875       0.000044
           4.11      61.157028      13.679895      52.913746       1.642881      53.797565       0.000020
           4.12      61.471161      13.629533      53.221474       1.620026      54.097839       0.000063
           4.13      61.785290      13.576327      53.531002       1.597053      54.399776       0.000035
           4.14      62.099419      13.520326      53.842377       1.573891      54.703335       0.000024
           4.15      62.413548      13.461569      54.155643       1.550473      55.008522       0.000025
           4.16      62.727680      13.400103      54.470669       1.527055      55.315338       0.000048
           4.17      63.041809      13.335953      54.787540       1.503491      55.623817       0.000040
           4.18      63.355938      13.269166      55.106258       1.479796      55.933937       0.000053
           4.19      63.670067      13.199780      55.426781       1.456058      56.245731       0.000035
           4.20      63.984196      13.127834      55.749146       1.432221      56.559170       0.000050
           4.21      64.298332      13.053378      56.073360       1.408285      56.874302       0.000019
           4.22      64.612457      12.976417      56.399376       1.384351      57.191067       0.000060
           4.23      64.926590      12.897022      56.727242       1.360342      57.509552       0.000028
           4.24      65.240715      12.815202      57.056950       1.336285      57.829704       0.000027
           4.25      65.554848      12.731021      57.388462       1.312258      58.151546       0.000024
           4.26      65.868980      12.644501      57.721779       1.288271      58.475063       0.000057
           4.27      66.183105      12.555665      58.056938       1.264269      58.800304       0.000048
           4.28      66.497238      12.464575      58.393944       1.240258      59.127258       0.000028
           4.29      66.811371      12.371252      58.732800       1.216243      59.455891       0.000063
           4.30      67.125496      12.275719      59.073460       1.192310      59.786278       0.000034
           4.31      67.439629      12.178035      59.415916       1.168483      60.118355       0.000058
           4.32      67.753761      12.078222      59.760311       1.144537      60.452168       0.000069
           4.33      68.067886      11.976301      60.106419       1.120855      60.787731       0.000049
           4.34      68.382019      11.872330      60.454418       1.097150      61.125015       0.000059
           4.35      68.696152      11.766329      60.804268       1.073501      61.464066       0.000032
           4.36      69.010277      11.658319      61.155869       1.050079      61.804844       0.000039
           4.37      69.324409      11.548357      61.509365       1.026657      62.147377       0.000046
           4.38      69.638542      11.436462      61.864662       1.003398      62.491673       0.000048
           4.39      69.952667      11.322653      62.221806       0.980237      62.837730       0.000055
           4.40      70.266800      11.206988      62.580753       0.957250      63.185566       0.000050
           4.41      70.580925      11.089471      62.941547       0.934378      63.535194       0.000019
           4.42      70.895058      10.970158      63.304142       0.911701      63.886566       0.000048
           4.43      71.209190      10.849067      63.668629       0.889084      64.239738       0.000055
           4.44      71.523315      10.726217      64.034920       0.866670      64.594711       0.000049
           4.45      71.837448      10.601660      64.403008       0.844480      64.951477       0.000051
           4.46      72.151581      10.475413      64.772949       0.822432      65.310051       0.000044
           4.47      72.465706      10.347495      65.144775       0.800486      65.670433       0.000038
           4.48      72.779839      10.217958      65.518364       0.778837      66.032631       0.000029
           4.49      73.093964      10.086805      65.893776       0.757396      66.396645       0.000026
           4.50      73.408104       9.954101      66.271057       0.736102      66.762466       0.000047
           4.51      73.722229       9.819827      66.650139       0.715065      67.130150       0.000020
           4.52      74.036362       9.684044      67.031067       0.694222      67.499634       0.000046
           4.53      74.350487       9.546757      67.413826       0.673602      67.870979       0.000040
           4.54      74.664619       9.408015      67.798424       0.653200      68.244171       0.000035
           4.55      74.978745       9.267823      68.184830       0.633066      68.619217       0.000026
           4.56      75.292877       9.126230      68.573074       0.613161      68.996094       0.000055
           4.57      75.607010       8.983248      68.963150       0.593502      69.374878       0.000019
           4.58      75.921143       8.838906      69.355072       0.574071      69.755486       0.000047
           4.59      76.235268       8.693216      69.748817       0.554907      70.137985       0.000047
           4.60      76.549400       8.546225      70.144348       0.536070      70.522362       0.000050
           4.61      76.863525       8.397938      70.541740       0.517454      70.908623       0.000053
           4.62      77.177658       8.248399      70.941002       0.499055      71.296783       0.000041
           4.63      77.491783       8.097612      71.342049       0.480996      71.686844       0.000022
           4.64      77.805923       7.945632      71.744919       0.463226      72.078796       0.000015
           4.65      78.120049       7.792440      72.149628       0.445730      72.472641       0.000026
           4.66      78.434181       7.638093      72.556168       0.428520      72.868385       0.000053
           4.67      78.748306       7.482590      72.964554       0.411582      73.266075       0.000039
           4.68      79.062439       7.325977      73.374748       0.394970      73.665680       0.000035
           4.69      79.376564       7.168256      73.786781       0.378648      74.067223       0.000017
           4.70      79.690697       7.009468      74.200661       0.362608      74.470680       0.000023
           4.71      80.004829       6.849626      74.616348       0.346905      74.876091       0.000008
           4.72      80.318962       6.688751      75.033897       0.331471      75.283424       0.000021
           4.73      80.633087       6.526855      75.453232       0.316412      75.692703       0.000038
           4.74      80.947220       6.363979      75.874413       0.301648      76.103935       0.000057
           4.75      81.261345       6.200124      76.297440       0.287184      76.517166       0.000024
           4.76      81.575478       6.035331      76.722267       0.273082      76.932350       0.000007
           4.77      81.889603       5.869600      77.148949       0.259275      77.349472       0.000032
           4.78      82.203743       5.702981      77.577469       0.245787      77.768593       0.000027
           4.79      82.517868       5.535455      78.007797       0.232658      78.189690       0.000029
           4.80      82.832001       5.367070      78.439964       0.219853      78.612785       0.000015
           4.81      83.146126       5.197827      78.873962       0.207383      79.037872       0.000002
           4.82      83.460258       5.027765      79.309807       0.195232      79.464928       0.000026
           4.83      83.774384       4.856882      79.747452       0.183460      79.894005       0.000025
           4.84      84.088516       4.685217      80.186943       0.172010      80.325089       0.000027
           4.85      84.402649       4.512779      80.628258       0.160914      80.758194       0.000019
           4.86      84.716782       4.339586      81.071404       0.150165      81.193314       0.000017
           4.87      85.030907       4.165647      81.516365       0.139782      81.630447       0.000027
           4.88      85.345039       3.990998      81.963181       0.129720      82.069626       0.000019
           4.89      85.659164       3.815638      82.411812       0.120029      82.510841       0.000009
           4.90      85.973297       3.639604      82.862274       0.110691      82.954071       0.000031
           4.91      86.287422       3.462893      83.314583       0.101689      83.399384       0.000008
           4.92      86.601562       3.285550      83.768707       0.093061      83.846733       0.000003
           4.93      86.915688       3.107556      84.224663       0.084790      84.296120       0.000022
           4.94      87.229820       2.928954      84.682442       0.076888      84.747581       0.000024
           4.95      87.543945       2.749742      85.142059       0.069336      85.201126       0.000009
           4.96      87.858078       2.569954      85.603516       0.062136      85.656738       0.000001
           4.97      88.172203       2.389589      86.066772       0.055333      86.114410       0.000014
           4.98      88.486336       2.208680      86.531883       0.048867      86.574181       0.000010
           4.99      88.800468       2.027232      86.998825       0.042764      87.036034       0.000014
           5.00      89.114601       1.845263      87.467590       0.037035      87.499992       0.000005
           5.01      89.428726       1.662777      87.938179       0.031681      87.966042       0.000006
           5.02      89.742859       1.479807      88.410606       0.026683      88.434196       0.000008
           5.03      90.056984       1.296350      88.884865       0.022053      88.904457       0.000015
           5.04      90.371117       1.112439      89.360954       0.017789      89.376854       0.000000
           5.05      90.685249       0.928078      89.838867       0.013902      89.851357       0.000002
           5.06      90.999382       0.743282      90.318619       0.010375      90.327988       0.000003
           5.07      91.313507       0.558056      90.800186       0.007234      90.806755       0.000000
           5.08      91.627640       0.372430      91.283600       0.004444      91.287659       0.000002
           5.09      91.941765       0.186402      91.768837       0.002033      91.770706       0.000004
           5.10      92.255898       0.000002      92.255898       0.000002      92.255898       0.000002
           5.11      92.753029       0.010551      92.743095       0.000160      92.743248       0.000004
           5.12      93.250160       0.018673      93.232498       0.000271      93.232758       0.000007
           5.13      93.747292       0.024399      93.724106       0.000339      93.724434       0.000011
           5.14      94.244423       0.027762      94.217934       0.000352      94.218277       0.000012
           5.15      94.741554       0.028793      94.713959       0.000343      94.714294       0.000012
           5.16      95.238678       0.027513      95.212196       0.000300      95.212494       0.000012
           5.17      95.735817       0.023977      95.712639       0.000239      95.712883       0.000016
           5.18      96.232948       0.018192      96.215286       0.000165      96.215454       0.000010
           5.19      96.730080       0.010195      96.720146       0.000075      96.720238       0.000019
           5.20      97.227211       0.000016      97.227211       0.000016      97.227203       0.000008
           5.21      97.746414       0.010266      97.736481       0.000102      97.736397       0.000016
           5.22      98.265625       0.018164      98.247963       0.000187      98.247787       0.000009
           5.23      98.784828       0.023726      98.761650       0.000257      98.761398       0.000002
           5.24      99.304039       0.026997      99.277550       0.000315      99.277245       0.000007
           5.25      99.823242       0.027991      99.795647       0.000339      99.795311       0.000003
           5.26     100.342453       0.026755     100.315964       0.000349     100.315613       0.000001
           5.27     100.861656       0.023301     100.838486       0.000323     100.838158       0.000003
           5.28     101.380867       0.017674     101.363205       0.000249     101.362953       0.000001
           5.29     101.900078       0.009895     101.890137       0.000138     101.889992       0.000004
           5.30     102.419281       0.000014     102.419281       0.000014     102.419281       0.000014
           5.31     103.288704       0.328163     102.953308       0.002380     102.950836       0.000021
           5.32     104.158134       0.650771     103.490028       0.005162     103.484665       0.000021
           5.33     105.027557       0.967853     104.029442       0.008319     104.020760       0.000028
           5.34     105.896988       1.279485     104.571541       0.011832     104.559143       0.000025
           5.35     106.766426       1.585724     105.116348       0.015714     105.099800       0.000031
           5.36     107.635857       1.886613     105.663834       0.019924     105.642754       0.000030
           5.37     108.505280       2.182211     106.214027       0.024480     106.188004       0.000028
           5.38     109.374710       2.472587     106.766907       0.029350     106.735542       0.000035
           5.39     110.244141       2.757791     107.322487       0.034538     107.285400       0.000030
           5.40     111.113571       3.037879     107.880760       0.040028     107.837555       0.000037
           5.41     111.983002       3.312906     108.441727       0.045808     108.392036       0.000035
           5.42     112.852432       3.582926     109.005386       0.051870     108.948830       0.000041
           5.43     113.721863       3.847994     109.571739       0.058204     109.507957       0.000040
           5.44     114.591293       4.108163     110.140778       0.064793     110.069397       0.000058
           5.45     115.460724       4.363486     110.712517       0.071641     110.633209       0.000044
           5.46     116.330154       4.614015     111.286964       0.078748     111.199348       0.000044
           5.47     117.199577       4.859796     111.864090       0.086075     111.767830       0.000050
           5.48     118.069008       5.100895     112.443901       0.093622     112.338669       0.000052
           5.49     118.938438       5.337354     113.026413       0.101392     112.911880       0.000043
           5.50     119.807877       5.569232     113.611626       0.109378     113.487427       0.000060
           5.51     120.677299       5.796558     114.199547       0.117578     114.065376       0.000048
           5.52     121.546730       6.019402     114.790123       0.125937     114.645668       0.000064
           5.53     122.416161       6.237806     115.383438       0.134519     115.228363       0.000062
           5.54     123.285591       6.451820     115.979408       0.143244     115.813438       0.000064
           5.55     124.155022       6.661490     116.578117       0.152177     116.400902       0.000069
           5.56     125.024452       6.866865     117.179474       0.161230     116.990768       0.000069
           5.57     125.893883       7.067991     117.783546       0.170457     117.583046       0.000062
           5.58     126.763313       7.264916     118.390312       0.179828     118.177719       0.000065
           5.59     127.632744       7.457686     118.999756       0.189325     118.774818       0.000057
           5.60     128.502167       7.646340     119.611893       0.198952     119.374306       0.000074
           5.61     129.371597       7.830936     120.226753       0.208729     119.976257       0.000058
           5.62     130.241028       8.011513     120.844299       0.218617     120.580620       0.000058
           5.63     131.110458       8.188116     121.464523       0.228602     121.187416       0.000058
           5.64     131.979889       8.360787     122.087463       0.238709     121.796646       0.000064
           5.65     132.849319       8.529572     122.713081       0.248900     122.408302       0.000085
           5.66     133.718750       8.694512     123.341393       0.259182     123.022423       0.000096
           5.67     134.588181       8.855651     123.972397       0.269547     123.639038       0.000075
           5.68     135.457611       9.013031     124.606117       0.280009     124.258080       0.000083
           5.69     136.327042       9.166693     125.242516       0.290530     124.879608       0.000075
           5.70     137.196472       9.316680     125.881599       0.301111     125.503601       0.000074
           5.71     138.065903       9.463033     126.523369       0.311745     126.130051       0.000090
           5.72     138.935333       9.605791     127.167870       0.322464     126.759003       0.000090
           5.73     139.804764       9.744996     127.815048       0.333218     127.390480       0.000062
           5.74     140.674194       9.880686     128.464890       0.343992     128.024384       0.000088
           5.75     141.543625      10.012902     129.117432       0.354809     128.660812       0.000093
           5.76     142.413055      10.141683     129.772705       0.365687     129.299759       0.000088
           5.77     143.282486      10.267067     130.430664       0.376586     129.941208       0.000089
           5.78     144.151901      10.389080     131.091339       0.387523     130.585205       0.000066
           5.79     145.021347      10.507796     131.754639       0.398425     131.231674       0.000080
           5.80     145.890778      10.623218     132.420654       0.409355     131.880676       0.000089
           5.81     146.760208      10.735393     133.089371       0.420298     132.532211       0.000098
           5.82     147.629623      10.844347     133.760834       0.431282     133.186295       0.000098
           5.83     148.499054      10.950140     134.434937       0.442223     133.842957       0.000071
           5.84     149.368484      11.052796     135.111740       0.453162     134.502121       0.000079
           5.85     150.237915      11.152351     135.791260       0.464106     135.163818       0.000102
           5.86     151.107361      11.248851     136.473450       0.475016     135.828156       0.000065
           5.87     151.976776      11.342298     137.158356       0.485922     136.494949       0.000108
           5.88     152.846207      11.432759     137.845901       0.496763     137.164383       0.000099
           5.89     153.715637      11.520258     138.536148       0.507581     137.836380       0.000098
           5.90     154.585068      11.604828     139.229172       0.518427     138.510971       0.000088
           5.91     155.454498      11.686504     139.924820       0.529185     139.188126       0.000095
           5.92     156.323929      11.765318     140.623184       0.539917     139.867889       0.000088
           5.93     157.193359      11.841303     141.324219       0.550589     140.550217       0.000105
           5.94     158.062790      11.914492     142.027969       0.561227     141.235168       0.000106
           5.95     158.932220      11.984917     142.734390       0.571796     141.922745       0.000096
           5.96     159.801651      12.052610     143.443588       0.582368     142.612915       0.000098
           5.97     160.671082      12.117602     144.155411       0.592831     143.305710       0.000097
           5.98     161.540512      12.179925     144.869949       0.603247     144.001129       0.000095
           5.99     162.409943      12.239609     145.587143       0.613570     144.699173       0.000096
           6.00     163.279373      12.296686     146.307083       0.623858     145.399841       0.000104
           6.01     164.148804      12.351185     147.029678       0.634048     146.103180       0.000092
           6.02     165.018234      12.403136     147.754944       0.644144     146.809158       0.000083
           6.03     165.887665      12.452569     148.482941       0.654187     147.517776       0.000082
           6.04     166.757095      12.499513     149.213638       0.664153     148.229004       0.000112
           6.05     167.626526      12.543998     149.947021       0.674027     148.942963       0.000096
           6.06     168.495941      12.586042     150.683121       0.683827     149.659561       0.000098
           6.07     169.365372      12.625694     151.421844       0.693490     150.378845       0.000091
           6.08     170.234818      12.662982     152.163330       0.703104     151.100784       0.000099
           6.09     171.104248      12.697914     152.907486       0.712605     151.825394       0.000115
           6.10     171.973663      12.730516     153.654327       0.722002     152.552811       0.000054
           6.11     172.843094      12.760838     154.403931       0.731341     153.282715       0.000128
           6.12     173.712524      12.788895     155.156158       0.740529     154.015472       0.000101
           6.13     174.581955      12.814715     155.911041       0.749586     154.750931       0.000077
           6.14     175.451385      12.838323     156.668701       0.758586     155.488998       0.000118
           6.15     176.320816      12.859747     157.428986       0.767430     156.229858       0.000110
           6.16     177.190262      12.879021     158.192047       0.776212     156.973434       0.000105
           6.17     178.059677      12.896143     158.957718       0.784824     157.719727       0.000106
           6.18     178.929108      12.911167     159.726166       0.793370     158.468811       0.000069
           6.19     179.798538      12.924108     160.497223       0.801741     159.220505       0.000113
           6.20     180.667969      12.934991     161.271011       0.810013     159.975021       0.000107
           6.21     181.537399      12.943841     162.047516       0.818173     160.732285       0.000101
           6.22     182.406830      12.950682     162.826691       0.826191     161.492325       0.000081
           6.23     183.276260      12.955539     163.608597       0.834102     162.255096       0.000078
           6.24     184.145691      12.958434     164.393112       0.841831     163.020554       0.000123
           6.25     185.015121      12.959393     165.180405       0.849477     163.788925       0.000079
           6.26     185.884552      12.958438     165.970352       0.856965     164.559967       0.000099
           6.27     186.753983      12.955592     166.763031       0.864338     165.333847       0.000084
           6.28     187.623398      12.950869     167.558334       0.871531     166.110519       0.000066
           6.29     188.492844      12.944319     168.356400       0.878625     166.889969       0.000056
           6.30     189.362274      12.935937     169.157089       0.885535     167.672195       0.000057
           6.31     190.231705      12.925755     169.960556       0.892352     168.457199       0.000074
           6.32     191.101135      12.913795     170.766632       0.898974     169.245026       0.000081
           6.33     191.970566      12.900077     171.575439       0.905471     170.035599       0.000127
           6.34     192.839996      12.884624     172.387009       0.911860     170.829102       0.000107
           6.35     193.709412      12.867448     173.201157       0.918032     171.625381       0.000115
           6.36     194.578842      12.848589     174.018066       0.924093     172.424591       0.000064
           6.37     195.448288      12.828065     174.837646       0.929988     173.226456       0.000117
           6.38     196.317719      12.805882     175.659943       0.935743     174.031296       0.000092
           6.39     197.187134      12.782058     176.484970       0.941364     174.838928       0.000097
           6.40     198.056564      12.756633     177.312622       0.946789     175.649399       0.000109
           6.41     198.925995      12.729616     178.142975       0.952061     176.462769       0.000097
           6.42     199.795425      12.701028     178.976059       0.957196     177.279022       0.000072
           6.43     200.664856      12.670889     179.811768       0.962132     178.098068       0.000089
           6.44     201.534286      12.639217     180.650238       0.966946     178.920013       0.000091
           6.45     202.403717      12.606033     181.491394       0.971593     179.744888       0.000064
           6.46     203.273148      12.571354     182.335251       0.976082     180.572495       0.000121
           6.47     204.142578      12.535199     183.181747       0.980377     181.403091       0.000121
           6.48     205.012009      12.497588     184.030960       0.984519     182.236664       0.000077
           6.49     205.881439      12.458539     184.882919       0.988525     183.073059       0.000074
           6.50     206.750870      12.418069     185.737534       0.992343     183.912369       0.000066
           6.51     207.620300      12.376196     186.594849       0.995998     184.754517       0.000097
           6.52     208.489731      12.332939     187.454788       0.999446     185.599640       0.000096
           6.53     209.359161      12.288316     188.317490       1.002763     186.447693       0.000090
           6.54     210.228592      12.242342     189.182922       1.005930     187.298630       0.000106
           6.55     211.098022      12.195037     190.050980       1.008889     188.152512       0.000115
           6.56     211.967453      12.146416     187.125137       0.997001     189.009445       0.000063
           6.57     212.836884      12.096497     187.999359       0.984880     189.869171       0.000091
           6.58     213.706314      12.045296     188.876709       0.972758     190.731949       0.000064
           6.59     214.575729      11.992822     189.757294       0.960584     191.597595       0.000081
           6.60     215.445160      11.939108     190.641006       0.948417     192.466293       0.000050
           6.61     216.314590      11.884161     191.527969       0.936197     193.337860       0.000069
           6.62     217.184036      11.828005     192.418198       0.923919     194.212357       0.000107
           6.63     218.053467      11.770640     193.311218       0.911832     195.089920       0.000099
           6.64     218.922897      11.712090     194.207809       0.899538     195.970505       0.000069
           6.65     219.792328      11.652371     195.107513       0.887276     196.853943       0.000106
           6.66     220.661743      11.591489     196.010162       0.875133     197.740494       0.000082
           6.67     221.531174      11.529477     196.916245       0.862866     198.629990       0.000084
           6.68     222.400604      11.466340     197.825424       0.850647     199.522446       0.000107
           6.69     223.270035      11.402094     198.737854       0.838404     200.418015       0.000076
           6.70     224.139465      11.336753     199.653244       0.826283     201.316528       0.000080
           6.71     225.008896      11.270332     200.572067       0.814052     202.218079       0.000075
           6.72     225.878342      11.202854     201.493820       0.801964     203.122696       0.000048
           6.73     226.747742      11.134301     202.418991       0.789781     204.030197       0.000092
           6.74     227.617188      11.064733     203.347275       0.777656     204.940811       0.000097
           6.75     228.486618      10.994135     204.278824       0.765517     205.854446       0.000112
           6.76     229.356049      10.922527     205.213318       0.753523     206.771271       0.000057
           6.77     230.225479      10.849923     206.151245       0.741439     207.691040       0.000052
           6.78     231.094910      10.776337     207.092255       0.729439     208.613800       0.000079
           6.79     231.964340      10.701781     208.036392       0.717502     209.539703       0.000067
           6.80     232.833771      10.626270     208.983627       0.705645     210.468643       0.000069
           6.81     233.703186      10.549809     209.934113       0.693797     211.400681       0.000059
           6.82     234.572632      10.472432     210.887878       0.681949     212.335800       0.000047
           6.83     235.442062      10.394130     211.844742       0.670187     213.273972       0.000049
           6.84     236.311493      10.314924     212.804871       0.658436     214.215164       0.000083
           6.85     237.180923      10.234827     213.768097       0.646777     215.159546       0.000072
           6.86     238.050354      10.153849     214.734436       0.635205     216.106964       0.000090
           6.87     238.919785      10.072004     215.704041       0.623650     217.057541       0.000083
           6.88     239.789200       9.989297     216.676910       0.612116     218.011353       0.000019
           6.89     240.658630       9.905754     217.652878       0.600682     218.967987       0.000088
           6.90     241.528061       9.821380     218.631958       0.589343     219.927872       0.000099
           6.91     242.397491       9.736185     219.614151       0.578100     220.890961       0.000073
           6.92     243.266922       9.650183     220.599747       0.566824     221.857117       0.000077
           6.93     244.136368       9.563391     221.588455       0.555649     222.826477       0.000050
           6.94     245.005798       9.475807     222.580429       0.544508     223.798935       0.000044
           6.95     245.875214       9.387442     223.575348       0.533547     224.774582       0.000019
           6.96     246.744644       9.298321     224.573532       0.522623     225.753189       0.000080
           6.97     247.614075       9.208449     225.574982       0.511739     226.735184       0.000040
           6.98     248.483505       9.117835     226.579681       0.500904     227.720276       0.000028
           6.99     249.352936       9.026491     227.587341       0.490246     228.708344       0.000102
           7.00     250.222366       8.934427     228.598267       0.479635     229.699921       0.000029
           7.01     251.091812       8.841661     229.612289       0.469144     230.694366       0.000092
           7.02     251.961212       8.748177     230.629745       0.458629     231.692215       0.000060
           7.03     252.830643       8.654017     231.650131       0.448311     232.693161       0.000069
           7.04     253.700089       8.559186     232.673798       0.438040     233.697433       0.000022
           7.05     254.569519       8.463681     233.700562       0.427894     234.704712       0.000059
           7.06     255.438950       8.367517     234.730743       0.417740     235.715393       0.000012
           7.07     256.308380       8.270705     235.763870       0.407781     236.728989       0.000092
           7.08     257.177826       8.173261     236.800278       0.397874     237.746048       0.000067
           7.09     258.047241       8.075175     237.839935       0.388035     238.766342       0.000038
           7.10     258.916656       7.976470     238.882538       0.378393     239.789780       0.000045
           7.11     259.786102       7.877168     239.928406       0.368816     240.816483       0.000038
           7.12     260.655518       7.777253     240.977692       0.359241     241.846405       0.000040
           7.13     261.524963       7.676760     242.029785       0.349922     242.879532       0.000059
           7.14     262.394379       7.575671     243.085281       0.340615     243.916016       0.000033
           7.15     263.263824       7.474023     244.143890       0.331441     244.955688       0.000035
           7.16     264.133270       7.371810     245.205917       0.322276     245.998550       0.000066
           7.17     265.002655       7.269017     246.270737       0.313377     247.044830       0.000036
           7.18     265.872101       7.165702     247.338974       0.304490     248.094223       0.000070
           7.19     266.741547       7.061850     248.410324       0.295739     249.147095       0.000022
           7.20     267.610962       6.957456     249.484940       0.287065     250.203110       0.000031
           7.21     268.480408       6.852553     250.562653       0.278537     251.262390       0.000048
           7.22     269.349823       6.747126     251.643463       0.270154     252.324921       0.000083
           7.23     270.219269       6.641206     252.727554       0.261845     253.390976       0.000028
           7.24     271.088684       6.534779     253.814896       0.253624     254.460190       0.000031
           7.25     271.958099       6.427864     254.905350       0.245545     255.532639       0.000063
           7.26     272.827545       6.320481     255.998901       0.237616     256.608582       0.000025
           7.27     273.696991       6.212626     257.095581       0.229824     257.687683       0.000050
           7.28     274.566406       6.104295     258.195648       0.222071     258.770142       0.000062
           7.29     275.435852       5.995520     259.298859       0.214452     259.855988       0.000053
           7.30     276.305267       5.886284     260.405151       0.206991     260.945160       0.000048
           7.31     277.174713       5.776619     261.514709       0.199619     262.037689       0.000038
           7.32     278.044128       5.666509     262.627441       0.192372     263.133545       0.000035
           7.33     278.913544       5.555973     263.743286       0.185273     264.232758       0.000031
           7.34     279.782990       5.445029     264.862335       0.178289     265.335297       0.000039
           7.35     280.652405       5.333663     265.984619       0.171409     266.441162       0.000060
           7.36     281.521851       5.221903     267.110016       0.164679     267.550446       0.000064
           7.37     282.391296       5.109747     268.238617       0.158066     268.663208       0.000028
           7.38     283.260712       4.997188     269.370453       0.151560     269.779266       0.000024
           7.39     284.130127       4.884247     270.505341       0.145228     270.898651       0.000041
           7.40     284.999573       4.770940     271.643402       0.139027     272.021484       0.000037
           7.41     285.868988       4.657253     272.784882       0.132867     273.147705       0.000036
           7.42     286.738434       4.543214     273.929230       0.126950     274.277344       0.000029
           7.43     287.607849       4.428807     275.076996       0.121076     275.410400       0.000018
           7.44     288.477295       4.314062     276.227875       0.115357     276.546783       0.000039
           7.45     289.346710       4.198963     277.381927       0.109771     277.686646       0.000037
           7.46     290.216125       4.083527     278.539093       0.104341     278.829987       0.000015
           7.47     291.085571       3.967771     279.699524       0.099012     279.976685       0.000018
           7.48     291.955017       3.851691     280.863129       0.093818     281.126770       0.000038
           7.49     292.824432       3.735283     282.029846       0.088781     282.280396       0.000022
           7.50     293.693878       3.618574     283.199768       0.083869     283.437408       0.000027
           7.51     294.563293       3.501548     284.372925       0.079071     284.597839       0.000042
           7.52     295.432739       3.384233     285.549194       0.074432     285.761841       0.000018
           7.53     296.302155       3.266614     286.728729       0.069897     286.929169       0.000040
           7.54     297.171570       3.148707     287.911377       0.065521     288.100037       0.000036
           7.55     298.041016       3.030528     289.097198       0.061282     289.274445       0.000009
           7.56     298.910431       2.912063     290.286224       0.057171     290.452209       0.000024
           7.57     299.779877       2.793337     291.478424       0.053198     291.633453       0.000039
           7.58     300.649323       2.674347     292.673859       0.049343     292.818298       0.000016
           7.59     301.518738       2.555086     293.872345       0.045669     294.006561       0.000018
           7.60     302.388184       2.435582     295.074097       0.042103     295.198364       0.000007
           7.61     303.257599       2.315820     296.279022       0.038676     296.393616       0.000014
           7.62     304.127014       2.195814     297.487122       0.035390     297.592407       0.000011
           7.63     304.996460       2.075580     298.698425       0.032233     298.794708       0.000009
           7.64     305.865875       1.955104     299.912903       0.029217     300.000458       0.000032
           7.65     306.735321       1.834410     301.130554       0.026341     301.209869       0.000009
           7.66     307.604767       1.713494     302.351349       0.023616     302.422729       0.000013
           7.67     308.474182       1.592351     303.575348       0.021022     303.639099       0.000027
           7.68     309.343597       1.470996     304.802551       0.018560     304.859039       0.000030
           7.69     310.213043       1.349443     306.032898       0.016248     306.082581       0.000017
           7.70     311.082458       1.227679     307.266418       0.014078     307.309631       0.000017
           7.71     311.951904       1.105726     308.503174       0.012031     308.540222       0.000023
           7.72     312.821320       0.983572     309.743073       0.010134     309.774414       0.000017
           7.73     313.690765       0.861239     310.986115       0.008390     311.012177       0.000010
           7.74     314.560181       0.738713     312.232391       0.006768     312.253479       0.000014
           7.75     315.429596       0.616008     313.481842       0.005288     313.498413       0.000002
           7.76     316.299042       0.493139     314.734467       0.003951     314.746887       0.000004
           7.77     317.168457       0.370091     315.990234       0.002765     315.998962       0.000003
           7.78     318.037903       0.246888     317.249268       0.001693     317.254578       0.000019
           7.79     318.907349       0.123524     318.511414       0.000783     318.513885       0.000007
           7.80     319.776764       0.000006     319.776764       0.000006     319.776764       0.000006
           7.81     321.059570       0.005078     321.041473       0.000559     321.043243       0.000008
           7.82     322.342407       0.009008     322.310211       0.000981     322.313324       0.000015
           7.83     323.625244       0.011788     323.582977       0.001274     323.587067       0.000010
           7.84     324.908081       0.013429     324.859772       0.001442     324.864441       0.000004
           7.85     326.190918       0.013943     326.140594       0.001487     326.145447       0.000001
           7.86     327.473724       0.013332     327.425415       0.001422     327.430054       0.000006
           7.87     328.756592       0.011635     328.714294       0.001232     328.718353       0.000003
           7.88     330.039398       0.008828     330.007202       0.000929     330.010254       0.000004
           7.89     331.322235       0.004948     331.304138       0.000515     331.305847       0.000001
           7.90     332.605072       0.000003     332.605072       0.000003     332.605072       0.000003
           7.91     334.330750       0.126611     333.910034       0.000614     333.907990       0.000001
           7.92     336.056458       0.251152     335.219055       0.001341     335.214539       0.000007
           7.93     337.782135       0.373620     336.532074       0.002158     336.524811       0.000000
           7.94     339.507812       0.494042     337.849121       0.003071     337.838745       0.000000
           7.95     341.233490       0.612438     339.170227       0.004086     339.156372       0.000001
           7.96     342.959198       0.728833     340.495300       0.005174     340.477661       0.000007
           7.97     344.684875       0.843229     341.824463       0.006368     341.802704       0.000002
           7.98     346.410583       0.955660     343.157593       0.007630     343.131409       0.000001
           7.99     348.136261       1.066127     344.494751       0.008974     344.463867       0.000008
           8.00     349.861969       1.174664     345.835968       0.010407     345.799988       0.000002
           8.01     351.587646       1.281272     347.181213       0.011918     347.139862       0.000006
           8.02     353.313354       1.385985     348.530487       0.013504     348.483429       0.000000
           8.03     355.039032       1.488802     349.883789       0.015163     349.830780       0.000010
           8.04     356.764740       1.589758     351.241089       0.016883     351.181793       0.000001
           8.05     358.490417       1.688853     352.602386       0.018663     352.536621       0.000008
           8.06     360.216095       1.786111     353.967804       0.020534     353.895203       0.000019
           8.07     361.941803       1.881558     355.337189       0.022451     355.257446       0.000005
           8.08     363.667480       1.975192     356.710602       0.024429     356.623474       0.000002
           8.09     365.393158       2.067039     358.088013       0.026458     357.993317       0.000006
           8.10     367.118866       2.157123     359.469543       0.028568     359.366943       0.000018
           8.11     368.844543       2.245443     360.854980       0.030698     360.744232       0.000001
           8.12     370.570251       2.332031     362.244568       0.032915     362.125397       0.000006
           8.13     372.295929       2.416887     363.638092       0.035156     363.510315       0.000005
           8.14     374.021637       2.500042     365.035645       0.037445     364.899017       0.000002
           8.15     375.747314       2.581495     366.437256       0.039788     366.291534       0.000005
           8.16     377.472992       2.661270     367.842896       0.042174     367.687836       0.000003
           8.17     379.198700       2.739390     369.252502       0.044586     369.088013       0.000019
           8.18     380.924377       2.815854     370.666168       0.047046     370.491913       0.000012
           8.19     382.650055       2.890684     372.083862       0.049543     371.899719       0.000029
           8.20     384.375763       2.963904     373.505615       0.052084     373.311157       0.000006
           8.21     386.101440       3.035511     374.931427       0.054667     374.726562       0.000003
           8.22     387.827148       3.105537     376.361145       0.057250     376.145905       0.000027
           8.23     389.552826       3.173979     377.794952       0.059879     377.568909       0.000011
           8.24     391.278534       3.240868     379.232819       0.062544     378.995789       0.000002
           8.25     393.004211       3.306202     380.674622       0.065211     380.426666       0.000033
           8.26     394.729919       3.370011     382.120544       0.067927     381.861298       0.000037
           8.27     396.455597       3.432292     383.570404       0.070642     383.299652       0.000005
           8.28     398.181274       3.493068     385.024384       0.073402     384.742096       0.000031
           8.29     399.906952       3.552352     386.482300       0.076158     386.188232       0.000011
           8.30     401.632660       3.610165     387.944366       0.078962     387.638275       0.000001
           8.31     403.358337       3.666505     389.410400       0.081767     389.092346       0.000025
           8.32     405.084045       3.721401     390.880371       0.084563     390.550201       0.000024
           8.33     406.809723       3.774851     392.354431       0.087388     392.011902       0.000010
           8.34     408.535431       3.826882     393.832520       0.090223     393.477539       0.000007
           8.35     410.261108       3.877493     395.314697       0.093084     394.947235       0.000043
           8.36     411.986816       3.926711     396.800812       0.095929     396.420593       0.000017
           8.37     413.712494       3.974534     398.290955       0.098782     397.897858       0.000012
           8.38     415.438202       4.020991     399.785217       0.101662     399.379303       0.000025
           8.39     417.163879       4.066077     401.283356       0.104507     400.864471       0.000012
           8.40     418.889587       4.109821     402.785736       0.107408     402.353699       0.000030
           8.41     420.615265       4.152219     404.291870       0.110241     403.846832       0.000041
           8.42     422.340942       4.193292     405.802216       0.113119     405.343811       0.000028
           8.43     424.066620       4.233052     407.316498       0.115972     406.844604       0.000017
           8.44     425.792328       4.271518     408.834839       0.118829     408.349609       0.000002
           8.45     427.518005       4.308686     410.357269       0.121696     409.858490       0.000000
           8.46     429.243713       4.344584     411.883759       0.124564     411.371338       0.000000
           8.47     430.969391       4.379209     413.414154       0.127395     412.888275       0.000029
           8.48     432.695099       4.412586     414.948639       0.130231     414.409088       0.000034
           8.49     434.420776       4.444712     416.487091       0.133043     415.933929       0.000050
           8.50     436.146484       4.475614     418.029541       0.135836     417.462646       0.000041
           8.51     437.872162       4.505288     419.575989       0.138609     418.995331       0.000026
           8.52     439.597839       4.533752     421.126587       0.141398     420.532135       0.000041
           8.53     441.323547       4.561025     422.681183       0.144164     422.072784       0.000019
           8.54     443.049225       4.587104     424.239929       0.146943     423.617615       0.000038
           8.55     444.774902       4.612006     425.802368       0.149625     425.166351       0.000033
           8.56     446.500580       4.635742     427.369080       0.152346     426.719055       0.000015
           8.57     448.226288       4.658330     428.939789       0.155040     428.275848       0.000014
           8.58     449.951965       4.679766     430.514526       0.157713     429.836823       0.000048
           8.59     451.677673       4.700076     432.093353       0.160379     431.401520       0.000010
           8.60     453.403351       4.719255     433.676056       0.162986     432.970428       0.000012
           8.61     455.129059       4.737328     435.262756       0.165562     434.543457       0.000032
           8.62     456.854736       4.754290     436.853577       0.168134     436.120453       0.000033
           8.63     458.580444       4.770167     438.448578       0.170715     437.701447       0.000020
           8.64     460.306122       4.784955     440.047394       0.173219     439.286621       0.000036
           8.65     462.031799       4.798669     441.650360       0.175724     440.875732       0.000022
           8.66     463.757477       4.811320     443.257172       0.178157     442.468903       0.000005
           8.67     465.483185       4.822926     444.868134       0.180588     444.066254       0.000012
           8.68     467.208862       4.833481     446.483093       0.182982     445.667725       0.000027
           8.69     468.934570       4.843009     448.102173       0.185363     447.273254       0.000036
           8.70     470.660248       4.851507     449.725098       0.187671     448.882690       0.000004
           8.71     472.385956       4.858996     451.352203       0.189979     450.496399       0.000010
           8.72     474.111633       4.865474     452.983276       0.192239     452.114227       0.000020
           8.73     475.837341       4.870963     454.618500       0.194490     453.736237       0.000046
           8.74     477.563019       4.875458     456.257538       0.196657     455.362274       0.000052
           8.75     479.288696       4.878975     457.900604       0.198787     456.992371       0.000046
           8.76     481.014404       4.881531     459.547821       0.200906     458.626587       0.000038
           8.77     482.740082       4.883121     461.199005       0.202973     460.264923       0.000028
           8.78     484.465759       4.883761     462.854340       0.205026     461.907410       0.000022
           8.79     486.191467       4.883466     464.513519       0.206999     463.553986       0.000004
           8.80     487.917145       4.882231     466.176849       0.208957     465.204926       0.000033
           8.81     489.642853       4.880079     467.844177       0.210866     466.859955       0.000048
           8.82     491.368530       4.877005     469.515472       0.212719     468.518982       0.000029
           8.83     493.094238       4.873030     471.190948       0.214561     470.182312       0.000041
           8.84     494.819916       4.868151     472.870392       0.216346     471.849701       0.000029
           8.85     496.545624       4.862388     474.553680       0.218046     473.521332       0.000031
           8.86     498.271301       4.855738     476.241272       0.219759     475.197205       0.000047
           8.87     499.996979       4.848214     477.932556       0.221355     476.877075       0.000023
           8.88     501.722656       4.839825     479.627991       0.222929     478.561249       0.000023
           8.89     503.448364       4.830585     481.327545       0.224475     480.249664       0.000033
           8.90     505.174072       4.820496     483.031128       0.225972     481.942261       0.000039
           8.91     506.899780       4.809567     484.738678       0.227408     483.638855       0.000002
           8.92     508.625458       4.797798     486.450378       0.228819     485.339874       0.000009
           8.93     510.351135       4.785205     488.165924       0.230141     487.045227       0.000040
           8.94     512.076843       4.771800     489.885620       0.231438     488.754639       0.000037
           8.95     513.802551       4.757586     491.609314       0.232677     490.468262       0.000031
           8.96     515.528198       4.742558     493.336975       0.233851     492.186157       0.000033
           8.97     517.253906       4.726747     495.068787       0.234997     493.908203       0.000017
           8.98     518.979614       4.710151     496.804443       0.236053     495.634735       0.000051
           8.99     520.705261       4.692762     498.544250       0.237079     497.365143       0.000009
           9.00     522.430969       4.674614     500.288086       0.238052     499.100281       0.000062
           9.01     524.156616       4.655690     502.036011       0.238981     500.839203       0.000020
           9.02     525.882324       4.636020     503.787811       0.239824     502.582733       0.000047
           9.03     527.608032       4.615601     505.543762       0.240635     504.330444       0.000055
           9.04     529.333740       4.594439     507.303528       0.241348     506.082336       0.000045
           9.05     531.059387       4.572529     509.067596       0.242058     507.838501       0.000033
           9.06     532.785095       4.549903     510.835510       0.242674     509.599091       0.000048
           9.07     534.510803       4.526555     512.607605       0.243263     511.363800       0.000030
           9.08     536.236511       4.502492     514.383484       0.243745     513.132874       0.000024
           9.09     537.962158       4.477710     516.163513       0.244192     514.906433       0.000054
           9.10     539.687866       4.452238     517.947571       0.244579     516.684082       0.000041
           9.11     541.413513       4.426061     519.735779       0.244931     518.466187       0.000056
           9.12     543.139221       4.399208     521.527771       0.245175     520.252380       0.000026
           9.13     544.864929       4.371674     523.323914       0.245382     522.043152       0.000045
           9.14     546.590637       4.343465     525.124146       0.245539     523.838074       0.000030
           9.15     548.316284       4.314578     526.928284       0.245612     525.637390       0.000025
           9.16     550.041992       4.285040     528.736572       0.245646     527.441162       0.000043
           9.17     551.767700       4.254848     530.548706       0.245583     529.249207       0.000046
           9.18     553.493408       4.224007     532.365051       0.245492     531.061279       0.000011
           9.19     555.219055       4.192513     534.185303       0.245315     532.878235       0.000031
           9.20     556.944763       4.160394     536.009583       0.245075     534.699402       0.000044
           9.21     558.670410       4.127635     537.838013       0.244794     536.524658       0.000005
           9.22     560.396118       4.094263     539.670410       0.244437     538.354553       0.000015
           9.23     562.121826       4.060273     541.506836       0.244016     540.188782       0.000017
           9.24     563.847534       4.025673     543.347107       0.243496     542.027405       0.000021
           9.25     565.573181       3.990455     545.191650       0.242957     543.870422       0.000026
           9.26     567.298889       3.954650     547.040161       0.242340     545.717896       0.000042
           9.27     569.024597       3.918251     548.892578       0.241636     547.569641       0.000034
           9.28     570.750305       3.881264     550.749268       0.240910     549.425720       0.000014
           9.29     572.476013       3.843696     552.609741       0.240074     551.286316       0.000012
           9.30     574.201660       3.805540     554.474426       0.239204     553.151489       0.000040
           9.31     575.927368       3.766825     556.342957       0.238234     555.020752       0.000008
           9.32     577.653015       3.727534     558.215637       0.237219     556.894714       0.000024
           9.33     579.378784       3.687706     560.092285       0.236125     558.773071       0.000034
           9.34     581.104431       3.647303     561.972900       0.234953     560.655701       0.000014
           9.35     582.830139       3.606363     563.857666       0.233735     562.542908       0.000018
           9.36     584.555786       3.564869     565.746338       0.232427     564.434570       0.000024
           9.37     586.281494       3.522849     567.639099       0.231062     566.330627       0.000018
           9.38     588.007202       3.480297     569.536011       0.229649     568.231079       0.000001
           9.39     589.732910       3.437219     571.436951       0.228168     570.136230       0.000026
           9.40     591.458557       3.393609     573.341675       0.226574     572.045715       0.000026
           9.41     593.184265       3.349494     575.250610       0.224944     573.959656       0.000023
           9.42     594.909973       3.304868     577.163330       0.223201     575.878113       0.000026
           9.43     596.635681       3.259737     579.080383       0.221442     577.801086       0.000034
           9.44     598.361328       3.214095     581.001343       0.219591     579.728394       0.000014
           9.45     600.087036       3.167968     582.926392       0.217681     581.660400       0.000030
           9.46     601.812683       3.121340     584.855225       0.215659     583.596680       0.000005
           9.47     603.538391       3.074237     586.788208       0.213587     585.537659       0.000014
           9.48     605.264099       3.026654     588.725342       0.211465     587.483276       0.000044
           9.49     606.989807       2.978596     590.666443       0.209263     589.433044       0.000011
           9.50     608.715454       2.930057     592.611572       0.206989     591.387634       0.000029
           9.51     610.441162       2.881062     594.560669       0.204634     593.346619       0.000023
           9.52     612.166809       2.831596     596.513855       0.202218     595.310181       0.000025
           9.53     613.892578       2.781695     598.471008       0.199720     597.278320       0.000033
           9.54     615.618225       2.731321     600.432190       0.197151     599.250977       0.000036
           9.55     617.343933       2.680511     602.397461       0.194520     601.228027       0.000013
           9.56     619.069580       2.629248     604.366699       0.191807     603.209839       0.000023
           9.57     620.795288       2.577558     606.339966       0.189023     605.195984       0.000004
           9.58     622.520996       2.525435     608.317322       0.186176     607.186951       0.000011
           9.59     624.246704       2.472883     610.298584       0.183237     609.182434       0.000016
           9.60     625.972351       2.419898     612.283997       0.180246     611.182312       0.000008
           9.61     627.698059       2.366502     614.273376       0.177173     613.186951       0.000004
           9.62     629.423706       2.312681     616.266846       0.174037     615.196228       0.000008
           9.63     631.149475       2.258470     618.264282       0.170818     617.210022       0.000008
           9.64     632.875122       2.203831     620.265686       0.167517     619.228394       0.000003
           9.65     634.600830       2.148801     622.271240       0.164163     621.251465       0.000014
           9.66     636.326477       2.093362     624.280762       0.160726     623.279114       0.000020
           9.67     638.052185       2.037540     626.294373       0.157226     625.311279       0.000010
           9.68     639.777893       1.981328     628.311890       0.153634     627.348083       0.000002
           9.69     641.503601       1.924730     630.333435       0.149968     629.389587       0.000006
           9.70     643.229248       1.867741     632.359192       0.146259     631.435852       0.000030
           9.71     644.954956       1.810385     634.388794       0.142447     633.486511       0.000016
           9.72     646.680664       1.752656     636.422424       0.138562     635.541809       0.000001
           9.73     648.406372       1.694557     638.460144       0.134613     637.601929       0.000013
           9.74     650.132019       1.636083     640.501892       0.130591     639.666626       0.000013
           9.75     651.857727       1.577258     642.547607       0.126486     641.736084       0.000029
           9.76     653.583374       1.518065     644.597473       0.122327     643.809998       0.000012
           9.77     655.309082       1.458529     646.651245       0.118075     645.888672       0.000009
           9.78     657.034790       1.398643     648.709045       0.113750     647.972046       0.000010
           9.79     658.760498       1.338411     650.770874       0.109351     650.060059       0.000005
           9.80     660.486145       1.277827     652.836792       0.104888     652.152832       0.000011
           9.81     662.211853       1.216914     654.906677       0.100342     654.250244       0.000009
           9.82     663.937561       1.155667     656.980591       0.095723     656.352417       0.000016
           9.83     665.663269       1.094089     659.058594       0.091039     658.459167       0.000004
           9.84     667.388916       1.032174     661.140564       0.086272     660.570679       0.000001
           9.85     669.114624       0.969945     663.226624       0.081441     662.687012       0.000013
           9.86     670.840271       0.907387     665.316650       0.076527     664.807861       0.000004
           9.87     672.565979       0.844521     667.410706       0.071540     666.933533       0.000008
           9.88     674.291687       0.781343     669.508850       0.066488     669.064087       0.000012
           9.89     676.017395       0.717854     671.610962       0.061353     671.199219       0.000008
           9.90     677.743042       0.654051     673.717102       0.056144     673.339111       0.000008
           9.91     679.468750       0.589954     675.827271       0.050862     675.483704       0.000000
           9.92     681.194458       0.525559     677.941467       0.045507     677.633118       0.000003
           9.93     682.920166       0.460867     680.059692       0.040077     679.787292       0.000006
           9.94     684.645813       0.395874     682.181946       0.034575     681.946228       0.000009
           9.95     686.371521       0.330601     684.308228       0.028998     684.109863       0.000002
           9.96     688.097168       0.265033     686.438477       0.023340     686.278320       0.000003
           9.97     689.822876       0.199192     688.572815       0.017616     688.451538       0.000001
           9.98     691.548584       0.133072     690.711182       0.011820     690.629578       0.000004
           9.99     693.274292       0.066675     692.853577       0.005950     692.812378       0.000003
          10.00     694.999939       0.000003     694.999939       0.000003     694.999939       0.000003
