             x      Linear LP     L_Error(%)   Quadratic LP     Q_Error(%)       Cubic LP     C_Error(%) 
           1.01      17.153000       0.015742      17.150299       0.000005      17.150301       0.000006
           1.02      17.306000       0.027742      17.301201       0.000005      17.301201       0.000005
           1.03      17.459002       0.036106      17.452700       0.000002      17.452700       0.000002
           1.04      17.612000       0.040895      17.604799       0.000004      17.604799       0.000004
           1.05      17.764999       0.042232      17.757500       0.000002      17.757500       0.000002
           1.06      17.917999       0.040195      17.910801       0.000005      17.910801       0.000005
           1.07      18.071001       0.034881      18.064701       0.000006      18.064701       0.000006
           1.08      18.223999       0.026341      18.219200       0.000001      18.219202       0.000011
           1.09      18.376999       0.014689      18.374300       0.000000      18.374300       0.000000
           1.10      18.530001       0.000004      18.530001       0.000004      18.530001       0.000004
           1.11      18.688999       0.014445      18.686300       0.000002      18.686300       0.000002
           1.12      18.848000       0.025471      18.843201       0.000004      18.843201       0.000004
           1.13      19.007000       0.033157      19.000700       0.000000      19.000700       0.000000
           1.14      19.166000       0.037583      19.158800       0.000001      19.158800       0.000001
           1.15      19.325001       0.038829      19.317499       0.000004      19.317501       0.000006
           1.16      19.484001       0.036973      19.476801       0.000005      19.476801       0.000005
           1.17      19.643000       0.032081      19.636700       0.000001      19.636700       0.000001
           1.18      19.802000       0.024246      19.797199       0.000003      19.797201       0.000006
           1.19      19.961000       0.013531      19.958300       0.000001      19.958300       0.000001
           1.20      20.119999       0.000005      20.120001       0.000005      20.120001       0.000005
           1.21      20.285000       0.013312      20.282299       0.000004      20.282299       0.000004
           1.22      20.449999       0.023472      20.445200       0.000000      20.445200       0.000000
           1.23      20.615000       0.030569      20.608700       0.000001      20.608700       0.000001
           1.24      20.780001       0.034664      20.772800       0.000003      20.772800       0.000003
           1.25      20.945000       0.035820      20.937500       0.000000      20.937500       0.000000
           1.26      21.110001       0.034122      21.102800       0.000002      21.102800       0.000002
           1.27      21.275000       0.029620      21.268700       0.000001      21.268700       0.000001
           1.28      21.440002       0.022405      21.435200       0.000001      21.435202       0.000008
           1.29      21.605001       0.012506      21.602301       0.000003      21.602301       0.000003
           1.30      21.770000       0.000003      21.770000       0.000003      21.770002       0.000011
           1.31      21.941002       0.012316      21.938301       0.000005      21.938301       0.000005
           1.32      22.112001       0.021719      22.107201       0.000003      22.107201       0.000003
           1.33      22.283001       0.028285      22.276701       0.000005      22.276701       0.000005
           1.34      22.454000       0.032079      22.446800       0.000002      22.446802       0.000010
           1.35      22.625002       0.033169      22.617500       0.000002      22.617500       0.000002
           1.36      22.796000       0.031593      22.788799       0.000003      22.788799       0.000003
           1.37      22.967001       0.027443      22.960701       0.000005      22.960701       0.000005
           1.38      23.138000       0.020752      23.133200       0.000001      23.133200       0.000001
           1.39      23.309000       0.011586      23.306299       0.000003      23.306299       0.000003
           1.40      23.480001       0.000007      23.480000       0.000001      23.480000       0.000001
           1.41      23.657000       0.011413      23.654301       0.000004      23.654299       0.000004
           1.42      23.834000       0.020143      23.829201       0.000004      23.829199       0.000004
           1.43      24.011000       0.026244      24.004700       0.000001      24.004700       0.000001
           1.44      24.188000       0.029775      24.180799       0.000001      24.180799       0.000001
           1.45      24.365000       0.030791      24.357500       0.000001      24.357500       0.000001
           1.46      24.542000       0.029346      24.534800       0.000001      24.534800       0.000001
           1.47      24.719000       0.025493      24.712700       0.000000      24.712700       0.000000
           1.48      24.896000       0.019284      24.891199       0.000003      24.891201       0.000005
           1.49      25.073000       0.010770      25.070301       0.000005      25.070301       0.000005
           1.50      25.250000       0.000001      25.250000       0.000001      25.250000       0.000001
           1.51      25.433001       0.010620      25.430300       0.000000      25.430300       0.000000
           1.52      25.616001       0.018747      25.611200       0.000002      25.611200       0.000002
           1.53      25.799000       0.024426      25.792700       0.000000      25.792700       0.000000
           1.54      25.982000       0.027721      25.974800       0.000001      25.974800       0.000001
           1.55      26.164999       0.028670      26.157499       0.000002      26.157499       0.000002
           1.56      26.348000       0.027333      26.340799       0.000002      26.340799       0.000002
           1.57      26.530998       0.023746      26.524700       0.000002      26.524700       0.000002
           1.58      26.713999       0.017968      26.709200       0.000001      26.709200       0.000001
           1.59      26.896999       0.010038      26.894300       0.000003      26.894300       0.000003
           1.60      27.080000       0.000001      27.080000       0.000001      27.080000       0.000001
           1.61      27.268999       0.009900      27.266300       0.000002      27.266300       0.000002
           1.62      27.457998       0.017479      27.453199       0.000001      27.453199       0.000001
           1.63      27.646999       0.022791      27.640699       0.000001      27.640699       0.000001
           1.64      27.836000       0.025875      27.828800       0.000002      27.828798       0.000005
           1.65      28.024998       0.026762      28.017498       0.000006      28.017498       0.000006
           1.66      28.213999       0.025522      28.206799       0.000004      28.206799       0.000004
           1.67      28.402998       0.022180      28.396698       0.000006      28.396698       0.000006
           1.68      28.591999       0.016788      28.587198       0.000005      28.587198       0.000005
           1.69      28.780998       0.009377      28.778299       0.000001      28.778297       0.000008
           1.70      28.969997       0.000008      28.969997       0.000008      28.969999       0.000001
           1.71      29.164997       0.009250      29.162298       0.000005      29.162298       0.000005
           1.72      29.359999       0.016348      29.355198       0.000006      29.355198       0.000006
           1.73      29.554998       0.021316      29.548700       0.000002      29.548698       0.000004
           1.74      29.750000       0.024209      29.742798       0.000006      29.742800       0.000000
           1.75      29.945000       0.025052      29.937500       0.000001      29.937498       0.000005
           1.76      30.139999       0.023893      30.132799       0.000002      30.132801       0.000005
           1.77      30.335001       0.020777      30.328701       0.000004      30.328701       0.000004
           1.78      30.530001       0.015728      30.525200       0.000001      30.525200       0.000001
           1.79      30.725000       0.008791      30.722300       0.000000      30.722301       0.000006
           1.80      30.920000       0.000001      30.920000       0.000001      30.920002       0.000008
           1.81      31.121000       0.008679      31.118299       0.000001      31.118299       0.000001
           1.82      31.322001       0.015330      31.317202       0.000006      31.317202       0.000006
           1.83      31.523001       0.019993      31.516701       0.000004      31.516701       0.000004
           1.84      31.723999       0.022699      31.716801       0.000003      31.716801       0.000003
           1.85      31.925001       0.023503      31.917500       0.000000      31.917501       0.000006
           1.86      32.125999       0.022416      32.118801       0.000005      32.118801       0.000005
           1.87      32.327000       0.019492      32.320702       0.000006      32.320702       0.000006
           1.88      32.528000       0.014760      32.523201       0.000004      32.523201       0.000004
           1.89      32.729000       0.008252      32.726299       0.000001      32.726299       0.000001
           1.90      32.930000       0.000002      32.930000       0.000002      32.930000       0.000002
           1.91      33.137001       0.008153      33.134300       0.000002      33.134300       0.000002
           1.92      33.344002       0.014404      33.339199       0.000002      33.339199       0.000002
           1.93      33.550999       0.018778      33.544701       0.000003      33.544701       0.000003
           1.94      33.757999       0.021332      33.750801       0.000005      33.750801       0.000005
           1.95      33.965000       0.022088      33.957500       0.000003      33.957500       0.000003
           1.96      34.172001       0.021078      34.164799       0.000002      34.164799       0.000002
           1.97      34.379002       0.018335      34.372700       0.000001      34.372700       0.000001
           1.98      34.585999       0.013877      34.581200       0.000000      34.581200       0.000000
           1.99      34.792999       0.007760      34.790298       0.000003      34.790298       0.000003
           2.00      35.000000       0.000001      35.000000       0.000001      35.000000       0.000001
           2.01      35.213001       0.007673      35.210300       0.000003      35.210300       0.000003
           2.02      35.425999       0.013549      35.421200       0.000001      35.421200       0.000001
           2.03      35.639000       0.017682      35.632698       0.000004      35.632702       0.000007
           2.04      35.852001       0.020091      35.844803       0.000009      35.844803       0.000009
           2.05      36.065002       0.020808      36.057503       0.000009      36.057499       0.000002
           2.06      36.278000       0.019852      36.270802       0.000006      36.270802       0.000006
           2.07      36.491001       0.017272      36.484699       0.000001      36.484703       0.000010
           2.08      36.704002       0.013087      36.699200       0.000001      36.699203       0.000011
           2.09      36.917004       0.007325      36.914303       0.000009      36.914303       0.000009
           2.10      37.130001       0.000004      37.130001       0.000004      37.130001       0.000004
           2.11      37.349003       0.007239      37.346302       0.000007      37.346302       0.000007
           2.12      37.568001       0.012782      37.563202       0.000007      37.563202       0.000007
           2.13      37.787003       0.016683      37.780701       0.000003      37.780704       0.000013
           2.14      38.006001       0.018951      37.998798       0.000003      37.998798       0.000003
           2.15      38.224998       0.019622      38.217499       0.000002      38.217499       0.000002
           2.16      38.444000       0.018734      38.436798       0.000003      38.436802       0.000006
           2.17      38.662998       0.016294      38.656700       0.000002      38.656700       0.000002
           2.18      38.882000       0.012348      38.877201       0.000004      38.877197       0.000006
           2.19      39.100998       0.006902      39.098301       0.000004      39.098297       0.000006
           2.20      39.320000       0.000001      39.320000       0.000001      39.320000       0.000001
           2.21      39.544998       0.006825      39.542297       0.000005      39.542297       0.000005
           2.22      39.769997       0.012064      39.765198       0.000004      39.765198       0.000004
           2.23      39.994999       0.015753      39.988701       0.000004      39.988697       0.000006
           2.24      40.219997       0.017900      40.212799       0.000001      40.212799       0.000001
           2.25      40.445000       0.018548      40.437500       0.000002      40.437500       0.000002
           2.26      40.669998       0.017704      40.662800       0.000001      40.662800       0.000001
           2.27      40.895000       0.015410      40.888699       0.000002      40.888699       0.000002
           2.28      41.119999       0.011673      41.115200       0.000002      41.115200       0.000002
           2.29      41.345001       0.006535      41.342300       0.000003      41.342300       0.000003
           2.30      41.570000       0.000001      41.570000       0.000001      41.570000       0.000001
           2.31      41.800999       0.006458      41.798298       0.000003      41.798302       0.000006
           2.32      42.032001       0.011426      42.027199       0.000001      42.027199       0.000001
           2.33      42.262997       0.014903      42.256699       0.000002      42.256699       0.000002
           2.34      42.493999       0.016947      42.486797       0.000005      42.486797       0.000005
           2.35      42.724998       0.017555      42.717499       0.000001      42.717499       0.000001
           2.36      42.955997       0.016760      42.948799       0.000000      42.948799       0.000000
           2.37      43.186996       0.014583      43.180698       0.000002      43.180698       0.000002
           2.38      43.417995       0.011048      43.413200       0.000003      43.413200       0.000003
           2.39      43.648998       0.006184      43.646297       0.000004      43.646297       0.000004
           2.40      43.879997       0.000005      43.879997       0.000005      43.879997       0.000005
           2.41      44.116997       0.006115      44.114296       0.000007      44.114300       0.000001
           2.42      44.354000       0.010825      44.349197       0.000004      44.349197       0.000004
           2.43      44.591000       0.014131      44.584698       0.000003      44.584698       0.000003
           2.44      44.827999       0.016064      44.820797       0.000005      44.820797       0.000005
           2.45      45.064999       0.016644      45.057499       0.000001      45.057499       0.000001
           2.46      45.302002       0.015902      45.294800       0.000001      45.294800       0.000001
           2.47      45.538998       0.013833      45.532696       0.000008      45.532696       0.000008
           2.48      45.775997       0.010482      45.771198       0.000002      45.771198       0.000002
           2.49      46.012997       0.005863      46.010300       0.000001      46.010300       0.000001
           2.50      46.250000       0.000002      46.250000       0.000002      46.250000       0.000002
           2.51      46.492996       0.005801      46.490299       0.000000      46.490299       0.000000
           2.52      46.736000       0.010273      46.731197       0.000004      46.731201       0.000004
           2.53      46.979000       0.013414      46.972698       0.000002      46.972698       0.000002
           2.54      47.222000       0.015251      47.214802       0.000006      47.214802       0.000006
           2.55      47.465000       0.015806      47.457500       0.000003      47.457500       0.000003
           2.56      47.708000       0.015096      47.700802       0.000006      47.700802       0.000006
           2.57      47.951004       0.013150      47.944702       0.000006      47.944702       0.000006
           2.58      48.194000       0.009963      48.189201       0.000005      48.189201       0.000005
           2.59      48.437000       0.005577      48.434299       0.000001      48.434303       0.000009
           2.60      48.680000       0.000002      48.680000       0.000002      48.680000       0.000002
           2.61      48.929001       0.005522      48.926300       0.000002      48.926300       0.000002
           2.62      49.178001       0.009766      49.173199       0.000001      49.173199       0.000001
           2.63      49.427002       0.012753      49.420700       0.000002      49.420700       0.000002
           2.64      49.675999       0.014495      49.668800       0.000003      49.668800       0.000003
           2.65      49.924999       0.015025      49.917500       0.000001      49.917496       0.000007
           2.66      50.174000       0.014354      50.166798       0.000003      50.166798       0.000003
           2.67      50.422997       0.012491      50.416698       0.000001      50.416695       0.000009
           2.68      50.671997       0.009470      50.667198       0.000002      50.667194       0.000009
           2.69      50.920994       0.005292      50.918297       0.000004      50.918297       0.000004
           2.70      51.169998       0.000002      51.169994       0.000009      51.169998       0.000002
           2.71      51.424995       0.005244      51.422298       0.000001      51.422295       0.000009
           2.72      51.679996       0.009284      51.675198       0.000003      51.675194       0.000010
           2.73      51.934998       0.012129      51.928696       0.000006      51.928699       0.000001
           2.74      52.189999       0.013797      52.182800       0.000002      52.182796       0.000005
           2.75      52.445000       0.014304      52.437500       0.000002      52.437500       0.000002
           2.76      52.700001       0.013667      52.692799       0.000001      52.692799       0.000001
           2.77      52.954998       0.011896      52.948700       0.000002      52.948700       0.000002
           2.78      53.209999       0.009022      53.205200       0.000002      53.205200       0.000002
           2.79      53.465000       0.005052      53.462299       0.000001      53.462299       0.000001
           2.80      53.720001       0.000004      53.720001       0.000004      53.720001       0.000004
           2.81      53.981003       0.005009      53.978298       0.000001      53.978302       0.000006
           2.82      54.242001       0.008853      54.237202       0.000005      54.237202       0.000005
           2.83      54.502998       0.011559      54.496700       0.000002      54.496700       0.000002
           2.84      54.764000       0.013151      54.756802       0.000005      54.756798       0.000002
           2.85      55.025002       0.013637      55.017498       0.000002      55.017498       0.000002
           2.86      55.285999       0.013026      55.278797       0.000003      55.278797       0.000003
           2.87      55.546997       0.011340      55.540699       0.000000      55.540699       0.000000
           2.88      55.807999       0.008601      55.803200       0.000002      55.803200       0.000002
           2.89      56.069000       0.004818      56.066299       0.000001      56.066299       0.000001
           2.90      56.329998       0.000002      56.329998       0.000002      56.329998       0.000002
           2.91      56.596996       0.004766      56.594299       0.000001      56.594299       0.000001
           2.92      56.863998       0.008441      56.859200       0.000001      56.859200       0.000001
           2.93      57.131001       0.011031      57.124699       0.000000      57.124695       0.000007
           2.94      57.397995       0.012539      57.390797       0.000004      57.390797       0.000004
           2.95      57.664997       0.013005      57.657497       0.000002      57.657501       0.000004
           2.96      57.931999       0.012431      57.924797       0.000003      57.924797       0.000003
           2.97      58.198997       0.010824      58.192699       0.000001      58.192699       0.000001
           2.98      58.466000       0.008212      58.461197       0.000003      58.461201       0.000003
           2.99      58.732998       0.004596      58.730297       0.000003      58.730297       0.000003
           3.00      58.999996       0.000004      59.000000       0.000002      58.999996       0.000004
           3.01      59.272999       0.004555      59.270298       0.000001      59.270302       0.000005
           3.02      59.545998       0.008060      59.541199       0.000000      59.541199       0.000000
           3.03      59.819000       0.010535      59.812698       0.000001      59.812698       0.000001
           3.04      60.091999       0.011984      60.084797       0.000003      60.084801       0.000003
           3.05      60.364998       0.012424      60.357498       0.000001      60.357498       0.000001
           3.06      60.637997       0.011872      60.630798       0.000001      60.630798       0.000001
           3.07      60.911003       0.010351      60.904701       0.000004      60.904701       0.000004
           3.08      61.184002       0.007851      61.179203       0.000007      61.179199       0.000001
           3.09      61.457001       0.004397      61.454300       0.000002      61.454300       0.000002
           3.10      61.730000       0.000001      61.730000       0.000001      61.730000       0.000001
           3.11      62.009003       0.004361      62.006298       0.000001      62.006298       0.000001
           3.12      62.288002       0.007712      62.283199       0.000001      62.283199       0.000001
           3.13      62.566998       0.010068      62.560699       0.000001      62.560699       0.000001
           3.14      62.845997       0.011455      62.838799       0.000000      62.838799       0.000000
           3.15      63.124996       0.011879      63.117500       0.000003      63.117496       0.000003
           3.16      63.403996       0.011352      63.396797       0.000002      63.396797       0.000002
           3.17      63.682995       0.009888      63.676697       0.000003      63.676693       0.000009
           3.18      63.961994       0.007498      63.957195       0.000005      63.957195       0.000005
           3.19      64.240997       0.004201      64.238297       0.000003      64.238297       0.000003
           3.20      64.519997       0.000003      64.519997       0.000003      64.519997       0.000003
           3.21      64.804993       0.004157      64.802292       0.000010      64.802292       0.000010
           3.22      65.089996       0.007371      65.085197       0.000002      65.085197       0.000002
           3.23      65.375000       0.009640      65.368698       0.000001      65.368690       0.000012
           3.24      65.659996       0.010963      65.652802       0.000004      65.652794       0.000007
           3.25      65.945000       0.011376      65.937500       0.000002      65.937500       0.000002
           3.26      66.230003       0.010880      66.222801       0.000004      66.222801       0.000004
           3.27      66.514999       0.009474      66.508698       0.000002      66.508698       0.000002
           3.28      66.800003       0.007193      66.795197       0.000003      66.795204       0.000008
           3.29      67.084999       0.004026      67.082306       0.000011      67.082306       0.000011
           3.30      67.370003       0.000006      67.370003       0.000006      67.370003       0.000006
           3.31      67.661003       0.003997      67.658302       0.000006      67.658302       0.000006
           3.32      67.952003       0.007072      67.947197       0.000002      67.947197       0.000002
           3.33      68.243004       0.009240      68.236702       0.000005      68.236702       0.000005
           3.34      68.533997       0.010504      68.526802       0.000005      68.526794       0.000006
           3.35      68.824997       0.010896      68.817497       0.000002      68.817497       0.000002
           3.36      69.115997       0.010417      69.108795       0.000005      69.108795       0.000005
           3.37      69.406998       0.009077      69.400696       0.000004      69.400696       0.000004
           3.38      69.697998       0.006887      69.693199       0.000001      69.693199       0.000001
           3.39      69.988998       0.003858      69.986298       0.000001      69.986298       0.000001
           3.40      70.279991       0.000010      70.279999       0.000001      70.279999       0.000001
           3.41      70.576996       0.003822      70.574295       0.000005      70.574295       0.000005
           3.42      70.873993       0.006765      70.869194       0.000006      70.869194       0.000006
           3.43      71.170998       0.008852      71.164696       0.000004      71.164696       0.000004
           3.44      71.467995       0.010070      71.460800       0.000003      71.460793       0.000008
           3.45      71.764999       0.010453      71.757500       0.000002      71.757492       0.000009
           3.46      72.061996       0.009990      72.054794       0.000006      72.054794       0.000006
           3.47      72.358994       0.008701      72.352699       0.000001      72.352699       0.000001
           3.48      72.655998       0.006607      72.651199       0.000001      72.651199       0.000001
           3.49      72.952995       0.003697      72.950302       0.000005      72.950294       0.000005
           3.50      73.250000       0.000002      73.250000       0.000002      73.250000       0.000002
           3.51      73.552994       0.003665      73.550301       0.000003      73.550301       0.000003
           3.52      73.855995       0.006495      73.851196       0.000003      73.851204       0.000008
           3.53      74.158997       0.008494      74.152695       0.000005      74.152702       0.000005
           3.54      74.461998       0.009670      74.454796       0.000003      74.454803       0.000007
           3.55      74.764999       0.010034      74.757500       0.000002      74.757500       0.000002
           3.56      75.068001       0.009596      75.060799       0.000001      75.060799       0.000001
           3.57      75.371002       0.008365      75.364700       0.000003      75.364700       0.000003
           3.58      75.673996       0.006340      75.669197       0.000002      75.669197       0.000002
           3.59      75.976997       0.003553      75.974297       0.000002      75.974297       0.000002
           3.60      76.279999       0.000001      76.279999       0.000001      76.279999       0.000001
           3.61      76.589005       0.003534      76.586296       0.000003      76.586296       0.000003
           3.62      76.897995       0.006238      76.893196       0.000003      76.893196       0.000003
           3.63      77.207001       0.008164      77.200699       0.000001      77.200699       0.000001
           3.64      77.515999       0.009290      77.508804       0.000008      77.508797       0.000002
           3.65      77.824997       0.009636      77.817497       0.000001      77.817497       0.000001
           3.66      78.134003       0.009222      78.126801       0.000003      78.126801       0.000003
           3.67      78.443001       0.008035      78.436699       0.000001      78.436699       0.000001
           3.68      78.751999       0.006096      78.747200       0.000002      78.747200       0.000002
           3.69      79.060997       0.003414      79.058296       0.000002      79.058296       0.000002
           3.70      79.370003       0.000006      79.370003       0.000006      79.370003       0.000006
           3.71      79.684998       0.003388      79.682304       0.000008      79.682304       0.000008
           3.72      80.000000       0.006003      79.995201       0.000004      79.995193       0.000006
           3.73      80.315002       0.007850      80.308701       0.000003      80.308701       0.000003
           3.74      80.629997       0.008929      80.622795       0.000004      80.622795       0.000004
           3.75      80.944992       0.009259      80.937500       0.000002      80.937500       0.000002
           3.76      81.259995       0.008857      81.252800       0.000002      81.252800       0.000002
           3.77      81.574997       0.007722      81.568695       0.000004      81.568695       0.000004
           3.78      81.889999       0.005864      81.885201       0.000003      81.885193       0.000006
           3.79      82.204994       0.003280      82.202301       0.000004      82.202293       0.000006
           3.80      82.519997       0.000002      82.519997       0.000002      82.519997       0.000002
           3.81      82.840996       0.003257      82.838295       0.000004      82.838295       0.000004
           3.82      83.161995       0.005769      83.157196       0.000002      83.157196       0.000002
           3.83      83.482994       0.007542      83.476700       0.000002      83.476692       0.000007
           3.84      83.803993       0.008587      83.796799       0.000001      83.796791       0.000008
           3.85      84.125000       0.008919      84.117500       0.000003      84.117493       0.000006
           3.86      84.445992       0.008519      84.438797       0.000001      84.438797       0.000001
           3.87      84.766998       0.007433      84.760696       0.000002      84.760696       0.000002
           3.88      85.087997       0.005641      85.083199       0.000001      85.083199       0.000001
           3.89      85.408997       0.003160      85.406303       0.000006      85.406296       0.000002
           3.90      85.729996       0.000003      85.729996       0.000003      85.730003       0.000006
           3.91      86.056999       0.003139      86.054298       0.000001      86.054298       0.000001
           3.92      86.384003       0.005562      86.379196       0.000002      86.379196       0.000002
           3.93      86.710999       0.007267      86.704697       0.000001      86.704697       0.000001
           3.94      87.037994       0.008269      87.030800       0.000002      87.030792       0.000006
           3.95      87.364998       0.008585      87.357498       0.000000      87.357498       0.000000
           3.96      87.692001       0.008215      87.684799       0.000002      87.684799       0.000002
           3.97      88.018997       0.007157      88.012695       0.000003      88.012695       0.000003
           3.98      88.345993       0.005428      88.341194       0.000004      88.341194       0.000004
           3.99      88.672997       0.003044      88.670296       0.000002      88.670296       0.000002
           4.00      89.000000       0.000002      89.000000       0.000002      88.999992       0.000006
           4.01      89.333000       0.003025      89.330299       0.000002      89.330299       0.000002
           4.02      89.666000       0.005356      89.661201       0.000004      89.661194       0.000004
           4.03      89.999001       0.007004      89.992699       0.000001      89.992699       0.000001
           4.04      90.332001       0.007975      90.324799       0.000001      90.324799       0.000001
           4.05      90.665001       0.008276      90.657501       0.000004      90.657501       0.000004
           4.06      90.998001       0.007917      90.990799       0.000001      90.990799       0.000001
           4.07      91.331001       0.006902      91.324699       0.000002      91.324699       0.000002
           4.08      91.664001       0.005241      91.659203       0.000005      91.659203       0.000005
           4.09      91.997002       0.002939      91.994301       0.000003      91.994301       0.000003
           4.10      92.330002       0.000005      92.330002       0.000005      92.330002       0.000005
           4.11      92.668999       0.002915      92.666306       0.000009      92.666306       0.000009
           4.12      93.008003       0.005167      93.003204       0.000007      93.003204       0.000007
           4.13      93.347000       0.006752      93.340706       0.000009      93.340698       0.000001
           4.14      93.686005       0.007693      93.678802       0.000005      93.678802       0.000005
           4.15      94.025002       0.007981      94.017502       0.000004      94.017509       0.000013
           4.16      94.363998       0.007631      94.356804       0.000007      94.356804       0.000007
           4.17      94.703011       0.006667      94.696709       0.000012      94.696709       0.000012
           4.18      95.042007       0.005061      95.037201       0.000004      95.037201       0.000004
           4.19      95.381004       0.002838      95.378304       0.000006      95.378304       0.000006
           4.20      95.720009       0.000012      95.720009       0.000012      95.720009       0.000012
           4.21      96.065002       0.002816      96.062302       0.000004      96.062302       0.000004
           4.22      96.410004       0.004985      96.405197       0.000000      96.405197       0.000000
           4.23      96.755005       0.006519      96.748695       0.000002      96.748703       0.000006
           4.24      97.099998       0.007417      97.092796       0.000001      97.092804       0.000007
           4.25      97.445000       0.007700      97.437500       0.000003      97.437500       0.000003
           4.26      97.789993       0.007359      97.782799       0.000001      97.782791       0.000006
           4.27      98.134995       0.006417      98.128693       0.000005      98.128693       0.000005
           4.28      98.479988       0.004865      98.475189       0.000008      98.475189       0.000008
           4.29      98.824989       0.002724      98.822296       0.000001      98.822296       0.000001
           4.30      99.169991       0.000007      99.169991       0.000007      99.169991       0.000007
           4.31      99.520988       0.002704      99.518295       0.000002      99.518288       0.000010
           4.32      99.871986       0.004795      99.867188       0.000010      99.867188       0.000010
           4.33     100.222992       0.006281     100.216690       0.000007     100.216690       0.000007
           4.34     100.573997       0.007160     100.566788       0.000010     100.566788       0.000010
           4.35     100.924995       0.007430     100.917488       0.000009     100.917488       0.000009
           4.36     101.275993       0.007106     101.268791       0.000006     101.268791       0.000006
           4.37     101.626991       0.006194     101.620689       0.000008     101.620689       0.000008
           4.38     101.977997       0.004707     101.973198       0.000001     101.973198       0.000001
           4.39     102.328995       0.002636     102.326294       0.000003     102.326294       0.000003
           4.40     102.679993       0.000005     102.679993       0.000005     102.680000       0.000003
           4.41     103.036995       0.002618     103.034294       0.000003     103.034294       0.000003
           4.42     103.393990       0.004635     103.389198       0.000001     103.389198       0.000001
           4.43     103.750992       0.006067     103.744698       0.000000     103.744698       0.000000
           4.44     104.107994       0.006913     104.100792       0.000005     104.100792       0.000005
           4.45     104.464996       0.007179     104.457497       0.000001     104.457497       0.000001
           4.46     104.821999       0.006871     104.814796       0.000001     104.814796       0.000001
           4.47     105.178993       0.005986     105.172699       0.000002     105.172691       0.000006
           4.48     105.536003       0.004554     105.531197       0.000001     105.531197       0.000001
           4.49     105.892998       0.002550     105.890297       0.000000     105.890297       0.000000
           4.50     106.250000       0.000003     106.250000       0.000003     106.249992       0.000005
           4.51     106.612999       0.002534     106.610298       0.000001     106.610298       0.000001
           4.52     106.975998       0.004488     106.971199       0.000002     106.971199       0.000002
           4.53     107.338997       0.005869     107.332695       0.000002     107.332703       0.000005
           4.54     107.701996       0.006684     107.694794       0.000003     107.694794       0.000003
           4.55     108.064995       0.006939     108.057495       0.000002     108.057495       0.000002
           4.56     108.427994       0.006638     108.420799       0.000002     108.420792       0.000005
           4.57     108.791000       0.005794     108.784698       0.000001     108.784691       0.000006
           4.58     109.153999       0.004400     109.149200       0.000003     109.149193       0.000004
           4.59     109.516998       0.002467     109.514297       0.000000     109.514297       0.000000
           4.60     109.879997       0.000000     109.879997       0.000000     109.879997       0.000000
           4.61     110.248993       0.002445     110.246300       0.000002     110.246300       0.000002
           4.62     110.617996       0.004339     110.613197       0.000000     110.613205       0.000007
           4.63     110.987000       0.005679     110.980698       0.000001     110.980698       0.000001
           4.64     111.356003       0.006471     111.348801       0.000003     111.348801       0.000003
           4.65     111.724998       0.006715     111.717499       0.000002     111.717506       0.000008
           4.66     112.093994       0.006421     112.086800       0.000002     112.086800       0.000002
           4.67     112.463005       0.005609     112.456703       0.000006     112.456703       0.000006
           4.68     112.832001       0.004258     112.827202       0.000004     112.827202       0.000004
           4.69     113.201004       0.002391     113.198303       0.000006     113.198303       0.000006
           4.70     113.570007       0.000009     113.570007       0.000009     113.570007       0.000009
           4.71     113.945007       0.002379     113.942307       0.000008     113.942307       0.000008
           4.72     114.320007       0.004208     114.315193       0.000003     114.315201       0.000003
           4.73     114.695000       0.005496     114.688698       0.000001     114.688705       0.000007
           4.74     115.070000       0.006260     115.062798       0.000001     115.062798       0.000001
           4.75     115.445000       0.006499     115.437500       0.000003     115.437500       0.000003
           4.76     115.819992       0.006213     115.812798       0.000001     115.812798       0.000001
           4.77     116.194992       0.005418     116.188698       0.000001     116.188690       0.000006
           4.78     116.569992       0.004114     116.565193       0.000003     116.565186       0.000010
           4.79     116.944992       0.002305     116.942291       0.000005     116.942291       0.000005
           4.80     117.319992       0.000004     117.319992       0.000004     117.319992       0.000004
           4.81     117.700989       0.002287     117.698288       0.000007     117.698288       0.000007
           4.82     118.081993       0.004062     118.077194       0.000002     118.077187       0.000009
           4.83     118.462990       0.005313     118.456688       0.000007     118.456688       0.000007
           4.84     118.843994       0.006057     118.836784       0.000010     118.836784       0.000010
           4.85     119.224983       0.006280     119.217491       0.000005     119.217484       0.000011
           4.86     119.605995       0.006019     119.598785       0.000009     119.598793       0.000003
           4.87     119.986992       0.005247     119.980690       0.000006     119.980690       0.000006
           4.88     120.367989       0.003981     120.363190       0.000006     120.363190       0.000006
           4.89     120.748985       0.002227     120.746284       0.000010     120.746292       0.000004
           4.90     121.129990       0.000006     121.129990       0.000006     121.129990       0.000006
           4.91     121.516991       0.002217     121.514290       0.000006     121.514297       0.000001
           4.92     121.903992       0.003934     121.899193       0.000003     121.899193       0.000003
           4.93     122.290993       0.005149     122.284698       0.000002     122.284698       0.000002
           4.94     122.677994       0.005867     122.670792       0.000004     122.670792       0.000004
           4.95     123.064995       0.006093     123.057495       0.000001     123.057495       0.000001
           4.96     123.451988       0.005826     123.444794       0.000002     123.444801       0.000004
           4.97     123.838997       0.005088     123.832695       0.000001     123.832695       0.000001
           4.98     124.225998       0.003865     124.221199       0.000002     124.221191       0.000004
           4.99     124.612999       0.002169     124.610298       0.000001     124.610291       0.000005
           5.00     125.000000       0.000003     125.000000       0.000003     124.999992       0.000003
           5.01     125.392998       0.002154     125.390297       0.000000     125.390297       0.000000
           5.02     125.785995       0.003815     125.781197       0.000000     125.781197       0.000000
           5.03     126.179001       0.004997     126.172699       0.000002     126.172699       0.000002
           5.04     126.571991       0.005684     126.564796       0.000000     126.564789       0.000006
           5.05     126.964996       0.005907     126.957497       0.000000     126.957497       0.000000
           5.06     127.357994       0.005652     127.350792       0.000004     127.350792       0.000004
           5.07     127.750992       0.004928     127.744698       0.000001     127.744698       0.000001
           5.08     128.143997       0.003747     128.139191       0.000004     128.139191       0.000004
           5.09     128.536987       0.002094     128.534302       0.000004     128.534286       0.000008
           5.10     128.929993       0.000003     128.929993       0.000003     128.929993       0.000003
           5.11     129.328995       0.002087     129.326294       0.000002     129.326294       0.000002
           5.12     129.727997       0.003701     129.723190       0.000005     129.723190       0.000005
           5.13     130.126999       0.004844     130.120697       0.000001     130.120697       0.000001
           5.14     130.526001       0.005520     130.518799       0.000002     130.518799       0.000002
           5.15     130.924988       0.005722     130.917496       0.000000     130.917496       0.000000
           5.16     131.324005       0.005490     131.316803       0.000005     131.316803       0.000005
           5.17     131.722992       0.004780     131.716690       0.000005     131.716705       0.000007
           5.18     132.121994       0.003631     132.117203       0.000005     132.117203       0.000005
           5.19     132.520996       0.002037     132.518295       0.000001     132.518295       0.000001
           5.20     132.919998       0.000001     132.919998       0.000001     132.919998       0.000001
           5.21     133.324997       0.002026     133.322296       0.000000     133.322296       0.000000
           5.22     133.729996       0.003589     133.725204       0.000006     133.725204       0.000006
           5.23     134.134995       0.004696     134.128693       0.000003     134.128693       0.000003
           5.24     134.539993       0.005350     134.532791       0.000004     134.532791       0.000004
           5.25     134.944992       0.005555     134.937500       0.000003     134.937500       0.000003
           5.26     135.349991       0.005316     135.342804       0.000006     135.342789       0.000005
           5.27     135.754990       0.004636     135.748703       0.000005     135.748703       0.000005
           5.28     136.160004       0.003531     136.155197       0.000001     136.155197       0.000001
           5.29     136.564987       0.001971     136.562302       0.000004     136.562286       0.000007
           5.30     136.969986       0.000007     136.969986       0.000007     136.969986       0.000007
           5.31     137.380997       0.001966     137.378296       0.000000     137.378296       0.000000
           5.32     137.791992       0.003481     137.787186       0.000008     137.787186       0.000008
           5.33     138.202988       0.004553     138.196686       0.000007     138.196686       0.000007
           5.34     138.613983       0.005185     138.606796       0.000000     138.606796       0.000000
           5.35     139.024994       0.005393     139.017502       0.000004     139.017487       0.000007
           5.36     139.435989       0.005159     139.428802       0.000005     139.428787       0.000006
           5.37     139.847000       0.004508     139.840683       0.000009     139.840683       0.000009
           5.38     140.257996       0.003422     140.253189       0.000005     140.253189       0.000005
           5.39     140.668991       0.001916     140.666290       0.000004     140.666290       0.000004
           5.40     141.079987       0.000007     141.079987       0.000007     141.080002       0.000004
           5.41     141.496994       0.001907     141.494293       0.000002     141.494293       0.000002
           5.42     141.913986       0.003376     141.909195       0.000001     141.909195       0.000001
           5.43     142.330994       0.004425     142.324692       0.000003     142.324692       0.000003
           5.44     142.748001       0.005048     142.740799       0.000002     142.740799       0.000002
           5.45     143.164993       0.005237     143.157501       0.000004     143.157501       0.000004
           5.46     143.581985       0.005008     143.574799       0.000002     143.574799       0.000002
           5.47     143.998993       0.004373     143.992691       0.000003     143.992691       0.000003
           5.48     144.416000       0.003327     144.411194       0.000001     144.411194       0.000001
           5.49     144.832993       0.001862     144.830292       0.000003     144.830292       0.000003
           5.50     145.250000       0.000003     145.250000       0.000003     145.250000       0.000003
           5.51     145.673004       0.001859     145.670303       0.000005     145.670288       0.000005
           5.52     146.095993       0.003284     146.091202       0.000004     146.091202       0.000004
           5.53     146.518997       0.004301     146.512695       0.000000     146.512695       0.000000
           5.54     146.942001       0.004904     146.934799       0.000002     146.934799       0.000002
           5.55     147.364990       0.005086     147.357498       0.000002     147.357498       0.000002
           5.56     147.787994       0.004871     147.780792       0.000002     147.780792       0.000002
           5.57     148.210999       0.004253     148.204697       0.000001     148.204697       0.000001
           5.58     148.633987       0.003224     148.629196       0.000000     148.629196       0.000000
           5.59     149.056992       0.001809     149.054291       0.000003     149.054291       0.000003
           5.60     149.479996       0.000000     149.479996       0.000000     149.479996       0.000000
           5.61     149.908997       0.001802     149.906296       0.000000     149.906296       0.000000
           5.62     150.337997       0.003194     150.333206       0.000007     150.333191       0.000003
           5.63     150.766998       0.004181     150.760696       0.000001     150.760696       0.000001
           5.64     151.195999       0.004765     151.188797       0.000001     151.188797       0.000001
           5.65     151.625000       0.004950     151.617493       0.000002     151.617493       0.000002
           5.66     152.054001       0.004739     152.046799       0.000002     152.046799       0.000002
           5.67     152.483002       0.004136     152.476700       0.000003     152.476715       0.000013
           5.68     152.912003       0.003144     152.907211       0.000010     152.907211       0.000010
           5.69     153.341003       0.001766     153.338303       0.000005     153.338318       0.000015
           5.70     153.770004       0.000006     153.770004       0.000006     153.770004       0.000006
           5.71     154.205002       0.001755     154.202301       0.000004     154.202301       0.000004
           5.72     154.639999       0.003107     154.635193       0.000002     154.635208       0.000008
           5.73     155.074997       0.004064     155.068695       0.000000     155.068695       0.000000
           5.74     155.509995       0.004630     155.502792       0.000002     155.502808       0.000008
           5.75     155.944992       0.004807     155.937500       0.000003     155.937500       0.000003
           5.76     156.379990       0.004601     156.372803       0.000005     156.372787       0.000005
           5.77     156.814987       0.004012     156.808685       0.000006     156.808685       0.000006
           5.78     157.249985       0.003046     157.245193       0.000001     157.245193       0.000001
           5.79     157.684982       0.001704     157.682281       0.000009     157.682281       0.000009
           5.80     158.119980       0.000010     158.119980       0.000010     158.119980       0.000010
           5.81     158.560989       0.001699     158.558273       0.000014     158.558289       0.000004
           5.82     159.001984       0.003012     158.997177       0.000011     158.997177       0.000011
           5.83     159.442993       0.003950     159.436691       0.000002     159.436676       0.000012
           5.84     159.883987       0.004499     159.876785       0.000006     159.876785       0.000006
           5.85     160.324982       0.004670     160.317490       0.000003     160.317474       0.000013
           5.86     160.765991       0.004476     160.758789       0.000004     160.758789       0.000004
           5.87     161.206985       0.003902     161.200684       0.000007     161.200684       0.000007
           5.88     161.647980       0.002960     161.643188       0.000004     161.643188       0.000004
           5.89     162.088989       0.001662     162.086288       0.000004     162.086288       0.000004
           5.90     162.529999       0.000002     162.529984       0.000007     162.529999       0.000002
           5.91     162.976990       0.001653     162.974289       0.000004     162.974289       0.000004
           5.92     163.423996       0.002938     163.419189       0.000003     163.419189       0.000003
           5.93     163.870987       0.003840     163.864700       0.000003     163.864685       0.000006
           5.94     164.317993       0.004381     164.310791       0.000002     164.310791       0.000002
           5.95     164.764999       0.004555     164.757492       0.000002     164.757492       0.000002
           5.96     165.211990       0.004355     165.204788       0.000004     165.204803       0.000005
           5.97     165.658997       0.003804     165.652695       0.000000     165.652695       0.000000
           5.98     166.105988       0.002885     166.101196       0.000001     166.101196       0.000001
           5.99     166.552994       0.001620     166.550293       0.000001     166.550293       0.000001
           6.00     167.000000       0.000003     167.000000       0.000003     167.000000       0.000003
           6.01     167.453003       0.001617     167.450302       0.000004     167.450287       0.000005
           6.02     167.905991       0.002856     167.901199       0.000003     167.901199       0.000003
           6.03     168.358994       0.003741     168.352692       0.000002     168.352692       0.000002
           6.04     168.811996       0.004266     168.804794       0.000000     168.804794       0.000000
           6.05     169.264999       0.004434     169.257492       0.000002     169.257492       0.000002
           6.06     169.718002       0.004247     169.710800       0.000003     169.710800       0.000003
           6.07     170.170990       0.003699     170.164688       0.000004     170.164688       0.000004
           6.08     170.624008       0.002821     170.619202       0.000004     170.619186       0.000005
           6.09     171.076996       0.001579     171.074295       0.000000     171.074295       0.000000
           6.10     171.529999       0.000002     171.529999       0.000002     171.529999       0.000002
           6.11     171.988998       0.001572     171.986298       0.000002     171.986298       0.000002
           6.12     172.447998       0.002785     172.443192       0.000002     172.443192       0.000002
           6.13     172.906998       0.003645     172.900696       0.000001     172.900696       0.000001
           6.14     173.365997       0.004155     173.358795       0.000000     173.358810       0.000009
           6.15     173.824997       0.004316     173.817490       0.000003     173.817490       0.000003
           6.16     174.283997       0.004132     174.276794       0.000000     174.276794       0.000000
           6.17     174.742996       0.003606     174.736694       0.000000     174.736694       0.000000
           6.18     175.201996       0.002740     175.197189       0.000003     175.197205       0.000006
           6.19     175.660995       0.001538     175.658295       0.000000     175.658295       0.000000
           6.20     176.120010       0.000009     176.119995       0.000000     176.119995       0.000000
           6.21     176.584991       0.001527     176.582291       0.000002     176.582291       0.000002
           6.22     177.049988       0.002707     177.045197       0.000001     177.045197       0.000001
           6.23     177.514999       0.003552     177.508698       0.000002     177.508698       0.000002
           6.24     177.979996       0.004046     177.972794       0.000001     177.972794       0.000001
           6.25     178.444992       0.004202     178.437500       0.000003     178.437500       0.000003
           6.26     178.909988       0.004021     178.902802       0.000004     178.902786       0.000005
           6.27     179.375000       0.003515     179.368698       0.000002     179.368698       0.000002
           6.28     179.839996       0.002670     179.835190       0.000003     179.835190       0.000003
           6.29     180.304993       0.001496     180.302292       0.000001     180.302292       0.000001
           6.30     180.769989       0.000003     180.769989       0.000003     180.769989       0.000003
           6.31     181.240997       0.001491     181.238297       0.000001     181.238281       0.000007
           6.32     181.711990       0.002639     181.707199       0.000003     181.707184       0.000006
           6.33     182.182983       0.003452     182.176682       0.000007     182.176697       0.000001
           6.34     182.653992       0.003941     182.646790       0.000003     182.646790       0.000003
           6.35     183.124985       0.004090     183.117493       0.000001     183.117493       0.000001
           6.36     183.595993       0.003921     183.588791       0.000002     183.588791       0.000002
           6.37     184.066986       0.003418     184.060699       0.000003     184.060699       0.000003
           6.38     184.537979       0.002593     184.533188       0.000003     184.533173       0.000012
           6.39     185.008987       0.001456     185.006287       0.000004     185.006287       0.000004
           6.40     185.479996       0.000001     185.479996       0.000001     185.479980       0.000007
           6.41     185.956985       0.001447     185.954285       0.000005     185.954285       0.000005
           6.42     186.433990       0.002573     186.429199       0.000003     186.429184       0.000006
           6.43     186.910995       0.003371     186.904678       0.000008     186.904694       0.000000
           6.44     187.388000       0.003846     187.380783       0.000006     187.380783       0.000006
           6.45     187.864990       0.003990     187.857498       0.000002     187.857483       0.000006
           6.46     188.341995       0.003824     188.334793       0.000001     188.334793       0.000001
           6.47     188.818985       0.003332     188.812698       0.000002     188.812683       0.000006
           6.48     189.295990       0.002534     189.291199       0.000002     189.291199       0.000002
           6.49     189.772995       0.001423     189.770294       0.000000     189.770294       0.000000
           6.50     190.249985       0.000005     190.250000       0.000003     190.250000       0.000003
           6.51     190.732986       0.001412     190.730301       0.000004     190.730301       0.000004
           6.52     191.215988       0.002507     191.211197       0.000001     191.211197       0.000001
           6.53     191.698990       0.003284     191.692688       0.000003     191.692703       0.000005
           6.54     192.181992       0.003745     192.174789       0.000002     192.174789       0.000002
           6.55     192.664993       0.003893     192.657501       0.000004     192.657501       0.000004
           6.56     193.147995       0.003728     193.140793       0.000001     193.140793       0.000001
           6.57     193.630997       0.003255     193.624695       0.000000     193.624695       0.000000
           6.58     194.113998       0.002475     194.109192       0.000001     194.109207       0.000007
           6.59     194.597000       0.001391     194.594299       0.000003     194.594299       0.000003
           6.60     195.080002       0.000004     195.080002       0.000004     195.080002       0.000004
           6.61     195.569000       0.001384     195.566299       0.000003     195.566299       0.000003
           6.62     196.057999       0.002451     196.053207       0.000007     196.053207       0.000007
           6.63     196.547012       0.003215     196.540710       0.000008     196.540695       0.000001
           6.64     197.035995       0.003655     197.028793       0.000000     197.028809       0.000007
           6.65     197.525009       0.003805     197.517502       0.000004     197.517502       0.000004
           6.66     198.014008       0.003643     198.006805       0.000006     198.006805       0.000006
           6.67     198.503006       0.003180     198.496704       0.000005     198.496704       0.000005
           6.68     198.992004       0.002418     198.987198       0.000002     198.987198       0.000002
           6.69     199.481003       0.001358     199.478302       0.000004     199.478302       0.000004
           6.70     199.970001       0.000004     199.970001       0.000004     199.970001       0.000004
           6.71     200.464996       0.001348     200.462296       0.000001     200.462311       0.000009
           6.72     200.960007       0.002395     200.955200       0.000003     200.955200       0.000003
           6.73     201.455002       0.003131     201.448700       0.000003     201.448700       0.000003
           6.74     201.949997       0.003567     201.942795       0.000001     201.942795       0.000001
           6.75     202.444992       0.003704     202.437500       0.000003     202.437500       0.000003
           6.76     202.940002       0.003552     202.932800       0.000003     202.932785       0.000004
           6.77     203.434982       0.003091     203.428696       0.000001     203.428680       0.000006
           6.78     203.929993       0.002353     203.925186       0.000004     203.925186       0.000004
           6.79     204.424988       0.001318     204.422287       0.000003     204.422287       0.000003
           6.80     204.919983       0.000005     204.919983       0.000005     204.919983       0.000005
           6.81     205.420990       0.001313     205.418289       0.000002     205.418289       0.000002
           6.82     205.921982       0.002325     205.917175       0.000009     205.917191       0.000001
           6.83     206.422974       0.003042     206.416672       0.000011     206.416687       0.000003
           6.84     206.923981       0.003473     206.916779       0.000007     206.916779       0.000007
           6.85     207.424988       0.003613     207.417480       0.000006     207.417480       0.000006
           6.86     207.925980       0.003456     207.918777       0.000008     207.918777       0.000008
           6.87     208.426971       0.003012     208.420685       0.000004     208.420685       0.000004
           6.88     208.927994       0.002298     208.923187       0.000003     208.923187       0.000003
           6.89     209.428986       0.001286     209.426285       0.000004     209.426270       0.000011
           6.90     209.929977       0.000008     209.929977       0.000008     209.929977       0.000008
           6.91     210.436981       0.001277     210.434280       0.000006     210.434280       0.000006
           6.92     210.943985       0.002272     210.939194       0.000000     210.939178       0.000007
           6.93     211.450989       0.002977     211.444687       0.000003     211.444687       0.000003
           6.94     211.957977       0.003389     211.950790       0.000001     211.950790       0.000001
           6.95     212.464981       0.003524     212.457489       0.000002     212.457489       0.000002
           6.96     212.971985       0.003377     212.964783       0.000005     212.964783       0.000005
           6.97     213.478989       0.002949     213.472687       0.000003     213.472687       0.000003
           6.98     213.985992       0.002243     213.981186       0.000003     213.981186       0.000003
           6.99     214.492981       0.001253     214.490295       0.000001     214.490295       0.000001
           7.00     214.999985       0.000004     215.000000       0.000003     215.000000       0.000003
           7.01     215.512985       0.001249     215.510300       0.000003     215.510300       0.000003
           7.02     216.025986       0.002219     216.021194       0.000001     216.021194       0.000001
           7.03     216.539001       0.002913     216.532700       0.000003     216.532700       0.000003
           7.04     217.052002       0.003321     217.044800       0.000003     217.044800       0.000003
           7.05     217.565002       0.003452     217.557495       0.000001     217.557495       0.000001
           7.06     218.077988       0.003299     218.070801       0.000004     218.070801       0.000004
           7.07     218.591003       0.002887     218.584702       0.000004     218.584686       0.000003
           7.08     219.104004       0.002196     219.099197       0.000002     219.099197       0.000002
           7.09     219.617004       0.001235     219.614304       0.000005     219.614304       0.000005
           7.10     220.130005       0.000005     220.130005       0.000005     220.130005       0.000005
           7.11     220.649002       0.001228     220.646301       0.000004     220.646301       0.000004
           7.12     221.168015       0.002180     221.163208       0.000007     221.163208       0.000007
           7.13     221.686996       0.002844     221.680695       0.000001     221.680710       0.000008
           7.14     222.206009       0.003248     222.198807       0.000006     222.198807       0.000006
           7.15     222.725006       0.003373     222.717514       0.000010     222.717499       0.000003
           7.16     223.244003       0.003230     223.236801       0.000004     223.236801       0.000004
           7.17     223.763000       0.002819     223.756699       0.000003     223.756714       0.000009
           7.18     224.281998       0.002142     224.277206       0.000006     224.277206       0.000006
           7.19     224.801010       0.001209     224.798309       0.000007     224.798309       0.000007
           7.20     225.320007       0.000006     225.320007       0.000006     225.320023       0.000013
           7.21     225.845001       0.001199     225.842316       0.000010     225.842316       0.000010
           7.22     226.370010       0.002128     226.365204       0.000005     226.365204       0.000005
           7.23     226.895004       0.002782     226.888702       0.000004     226.888702       0.000004
           7.24     227.420013       0.003175     227.412796       0.000001     227.412811       0.000008
           7.25     227.944992       0.003290     227.937500       0.000003     227.937500       0.000003
           7.26     228.470001       0.003155     228.462799       0.000003     228.462799       0.000003
           7.27     228.994995       0.002752     228.988693       0.000000     228.988693       0.000000
           7.28     229.519989       0.002090     229.515198       0.000002     229.515182       0.000004
           7.29     230.044983       0.001169     230.042297       0.000002     230.042297       0.000002
           7.30     230.569992       0.000000     230.569992       0.000000     230.569992       0.000000
           7.31     231.100983       0.001164     231.098282       0.000005     231.098297       0.000002
           7.32     231.631989       0.002071     231.627197       0.000002     231.627182       0.000005
           7.33     232.162994       0.002714     232.156693       0.000000     232.156693       0.000000
           7.34     232.693985       0.003091     232.686798       0.000002     232.686783       0.000004
           7.35     233.224991       0.003215     233.217499       0.000003     233.217499       0.000003
           7.36     233.755981       0.003076     233.748795       0.000001     233.748795       0.000001
           7.37     234.287003       0.002693     234.280685       0.000003     234.280685       0.000003
           7.38     234.817993       0.002045     234.813187       0.000002     234.813187       0.000002
           7.39     235.348999       0.001150     235.346298       0.000002     235.346283       0.000004
           7.40     235.879990       0.000001     235.879990       0.000001     235.879990       0.000001
           7.41     236.416992       0.001142     236.414291       0.000000     236.414291       0.000000
           7.42     236.953995       0.002027     236.949188       0.000002     236.949203       0.000005
           7.43     237.490997       0.002655     237.484695       0.000001     237.484695       0.000001
           7.44     238.027985       0.003022     238.020798       0.000002     238.020798       0.000002
           7.45     238.564987       0.003142     238.557495       0.000001     238.557495       0.000001
           7.46     239.101990       0.003010     239.094788       0.000002     239.094803       0.000004
           7.47     239.638992       0.002629     239.632690       0.000001     239.632706       0.000006
           7.48     240.175995       0.002000     240.171188       0.000002     240.171204       0.000005
           7.49     240.712982       0.001118     240.710297       0.000002     240.710297       0.000002
           7.50     241.250000       0.000003     241.249985       0.000003     241.250000       0.000003
           7.51     241.792984       0.001113     241.790298       0.000003     241.790283       0.000004
           7.52     242.335999       0.001983     242.331192       0.000000     242.331192       0.000000
           7.53     242.878998       0.002596     242.872696       0.000002     242.872696       0.000002
           7.54     243.421997       0.002960     243.414795       0.000001     243.414780       0.000005
           7.55     243.964996       0.003076     243.957489       0.000001     243.957489       0.000001
           7.56     244.507996       0.002946     244.500778       0.000006     244.500778       0.000006
           7.57     245.050995       0.002572     245.044678       0.000006     245.044693       0.000000
           7.58     245.593994       0.001955     245.589188       0.000002     245.589203       0.000004
           7.59     246.136993       0.001098     246.134293       0.000000     246.134293       0.000000
           7.60     246.679993       0.000000     246.679993       0.000000     246.679993       0.000000
           7.61     247.229004       0.001097     247.226288       0.000002     247.226303       0.000005
           7.62     247.777985       0.001934     247.773193       0.000001     247.773193       0.000001
           7.63     248.326981       0.002532     248.320694       0.000001     248.320694       0.000001
           7.64     248.875992       0.002893     248.868790       0.000001     248.868805       0.000005
           7.65     249.424988       0.003005     249.417496       0.000002     249.417496       0.000002
           7.66     249.973999       0.002883     249.966797       0.000002     249.966782       0.000004
           7.67     250.522995       0.002516     250.516693       0.000001     250.516693       0.000001
           7.68     251.072006       0.001918     251.067200       0.000003     251.067200       0.000003
           7.69     251.621002       0.001077     251.618301       0.000004     251.618286       0.000002
           7.70     252.169998       0.000003     252.169998       0.000003     252.170013       0.000009
           7.71     252.725006       0.001074     252.722290       0.000001     252.722290       0.000001
           7.72     253.279999       0.001898     253.275192       0.000000     253.275192       0.000000
           7.73     253.835007       0.002488     253.828705       0.000005     253.828690       0.000001
           7.74     254.389984       0.002827     254.382797       0.000002     254.382797       0.000002
           7.75     254.944977       0.002936     254.937485       0.000003     254.937500       0.000003
           7.76     255.499985       0.002815     255.492798       0.000002     255.492798       0.000002
           7.77     256.054993       0.002461     256.048676       0.000006     256.048706       0.000006
           7.78     256.609985       0.001868     256.605194       0.000001     256.605194       0.000001
           7.79     257.164978       0.001045     257.162292       0.000000     257.162292       0.000000
           7.80     257.720001       0.000004     257.719971       0.000008     257.719971       0.000008
           7.81     258.280975       0.001039     258.278290       0.000001     258.278290       0.000001
           7.82     258.841980       0.001850     258.837189       0.000001     258.837189       0.000001
           7.83     259.402985       0.002426     259.396667       0.000009     259.396667       0.000009
           7.84     259.963989       0.002769     259.956787       0.000002     259.956787       0.000002
           7.85     260.524994       0.002880     260.517487       0.000002     260.517487       0.000002
           7.86     261.085968       0.002749     261.078766       0.000010     261.078766       0.000010
           7.87     261.646973       0.002401     261.640686       0.000002     261.640686       0.000002
           7.88     262.207977       0.001825     262.203186       0.000002     262.203186       0.000002
           7.89     262.768982       0.001024     262.766266       0.000010     262.766266       0.000010
           7.90     263.329956       0.000013     263.329987       0.000002     263.329987       0.000002
           7.91     263.896973       0.001016     263.894287       0.000002     263.894257       0.000013
           7.92     264.463989       0.001814     264.459167       0.000009     264.459167       0.000009
           7.93     265.030975       0.002371     265.024689       0.000001     265.024689       0.000001
           7.94     265.597992       0.002711     265.590790       0.000001     265.590790       0.000001
           7.95     266.164978       0.002813     266.157471       0.000008     266.157501       0.000004
           7.96     266.731995       0.002701     266.724792       0.000000     266.724762       0.000011
           7.97     267.298981       0.002353     267.292694       0.000001     267.292694       0.000001
           7.98     267.865967       0.001783     267.861206       0.000006     267.861176       0.000006
           7.99     268.432983       0.001003     268.430298       0.000003     268.430298       0.000003
           8.00     269.000000       0.000003     269.000000       0.000003     269.000000       0.000003
           8.01     269.572998       0.001004     269.570282       0.000003     269.570282       0.000003
           8.02     270.145996       0.001779     270.141205       0.000005     270.141174       0.000006
           8.03     270.718994       0.002328     270.712677       0.000005     270.712677       0.000005
           8.04     271.291992       0.002654     271.284790       0.000000     271.284790       0.000000
           8.05     271.864990       0.002759     271.857483       0.000003     271.857483       0.000003
           8.06     272.437988       0.002642     272.430786       0.000002     272.430786       0.000002
           8.07     273.010986       0.002306     273.004700       0.000003     273.004700       0.000003
           8.08     273.583984       0.001752     273.579193       0.000001     273.579193       0.000001
           8.09     274.156982       0.000982     274.154266       0.000009     274.154297       0.000002
           8.10     274.729980       0.000004     274.729980       0.000004     274.729980       0.000004
           8.11     275.308960       0.000970     275.306274       0.000006     275.306274       0.000006
           8.12     275.887970       0.001732     275.883179       0.000004     275.883179       0.000004
           8.13     276.466980       0.002275     276.460693       0.000001     276.460693       0.000001
           8.14     277.045990       0.002599     277.038788       0.000001     277.038788       0.000001
           8.15     277.625000       0.002705     277.617493       0.000001     277.617493       0.000001
           8.16     278.203979       0.002584     278.196777       0.000005     278.196808       0.000006
           8.17     278.782990       0.002259     278.776703       0.000004     278.776672       0.000007
           8.18     279.362000       0.001721     279.357178       0.000005     279.357178       0.000005
           8.19     279.940979       0.000960     279.938293       0.000001     279.938293       0.000001
           8.20     280.519989       0.000001     280.519989       0.000001     280.519989       0.000001
           8.21     281.104980       0.000957     281.102295       0.000002     281.102295       0.000002
           8.22     281.690002       0.001708     281.685181       0.000004     281.685181       0.000004
           8.23     282.274994       0.002233     282.268677       0.000005     282.268677       0.000005
           8.24     282.859985       0.002544     282.852783       0.000003     282.852783       0.000003
           8.25     283.444977       0.002641     283.437500       0.000003     283.437469       0.000007
           8.26     284.029968       0.002527     284.022797       0.000002     284.022797       0.000002
           8.27     284.614990       0.002213     284.608673       0.000006     284.608673       0.000006
           8.28     285.199982       0.001680     285.195190       0.000000     285.195190       0.000000
           8.29     285.784973       0.000939     285.782288       0.000001     285.782288       0.000001
           8.30     286.369995       0.000002     286.369965       0.000009     286.369965       0.000009
           8.31     286.960968       0.000933     286.958282       0.000003     286.958282       0.000003
           8.32     287.551971       0.001663     287.547180       0.000004     287.547180       0.000004
           8.33     288.142975       0.002181     288.136688       0.000001     288.136688       0.000001
           8.34     288.734009       0.002500     288.726776       0.000005     288.726776       0.000005
           8.35     289.325012       0.002600     289.317505       0.000005     289.317505       0.000005
           8.36     289.916016       0.002492     289.908783       0.000003     289.908813       0.000008
           8.37     290.506989       0.002168     290.500702       0.000004     290.500702       0.000004
           8.38     291.097992       0.001650     291.093201       0.000004     291.093201       0.000004
           8.39     291.688995       0.000927     291.686310       0.000007     291.686310       0.000007
           8.40     292.280029       0.000013     292.279999       0.000003     292.279999       0.000003
           8.41     292.877014       0.000930     292.874298       0.000003     292.874329       0.000013
           8.42     293.473999       0.001639     293.469208       0.000006     293.469208       0.000006
           8.43     294.070984       0.002140     294.064697       0.000002     294.064697       0.000002
           8.44     294.667999       0.002447     294.660797       0.000002     294.660797       0.000002
           8.45     295.265015       0.002548     295.257507       0.000006     295.257507       0.000006
           8.46     295.862000       0.002437     295.854797       0.000002     295.854797       0.000002
           8.47     296.458984       0.002123     296.452698       0.000003     296.452698       0.000003
           8.48     297.056000       0.001619     297.051178       0.000004     297.051208       0.000006
           8.49     297.652985       0.000905     297.650299       0.000003     297.650299       0.000003
           8.50     298.250000       0.000003     298.250000       0.000003     298.250000       0.000003
           8.51     298.852997       0.000906     298.850281       0.000003     298.850281       0.000003
           8.52     299.455994       0.001604     299.451202       0.000004     299.451172       0.000006
           8.53     300.058990       0.002100     300.052673       0.000006     300.052673       0.000006
           8.54     300.661957       0.002384     300.654785       0.000002     300.654785       0.000002
           8.55     301.264954       0.002478     301.257477       0.000004     301.257477       0.000004
           8.56     301.867981       0.002382     301.860779       0.000004     301.860779       0.000004
           8.57     302.470978       0.002079     302.464691       0.000000     302.464691       0.000000
           8.58     303.073975       0.001579     303.069183       0.000002     303.069183       0.000002
           8.59     303.676971       0.000883     303.674255       0.000011     303.674255       0.000011
           8.60     304.279968       0.000007     304.279968       0.000007     304.279968       0.000007
           8.61     304.888947       0.000871     304.886261       0.000009     304.886261       0.000009
           8.62     305.497955       0.001560     305.493164       0.000008     305.493164       0.000008
           8.63     306.106964       0.002050     306.100677       0.000004     306.100677       0.000004
           8.64     306.715973       0.002342     306.708801       0.000004     306.708771       0.000006
           8.65     307.324982       0.002438     307.317474       0.000005     307.317474       0.000005
           8.66     307.933960       0.002329     307.926788       0.000000     307.926788       0.000000
           8.67     308.542999       0.002045     308.536682       0.000002     308.536682       0.000002
           8.68     309.152008       0.001559     309.147186       0.000001     309.147186       0.000001
           8.69     309.760986       0.000871     309.758301       0.000004     309.758301       0.000004
           8.70     310.369995       0.000002     310.369995       0.000002     310.369995       0.000002
           8.71     310.984985       0.000867     310.982300       0.000003     310.982300       0.000003
           8.72     311.600006       0.001546     311.595184       0.000002     311.595184       0.000002
           8.73     312.214966       0.002010     312.208679       0.000003     312.208679       0.000003
           8.74     312.829987       0.002301     312.822784       0.000002     312.822784       0.000002
           8.75     313.444977       0.002389     313.437500       0.000003     313.437469       0.000006
           8.76     314.059967       0.002286     314.052795       0.000002     314.052765       0.000008
           8.77     314.674957       0.001992     314.668671       0.000006     314.668671       0.000006
           8.78     315.289978       0.001519     315.285187       0.000001     315.285156       0.000010
           8.79     315.904968       0.000848     315.902252       0.000012     315.902283       0.000002
           8.80     316.519958       0.000010     316.519958       0.000010     316.519958       0.000010
           8.81     317.140961       0.000842     317.138275       0.000004     317.138275       0.000004
           8.82     317.761963       0.001502     317.757202       0.000004     317.757172       0.000006
           8.83     318.382996       0.001981     318.376678       0.000003     318.376678       0.000003
           8.84     319.003998       0.002260     318.996796       0.000002     318.996796       0.000002
           8.85     319.625000       0.002350     319.617462       0.000008     319.617493       0.000001
           8.86     320.246002       0.002252     320.238800       0.000003     320.238800       0.000003
           8.87     320.867004       0.001968     320.860718       0.000009     320.860687       0.000001
           8.88     321.488007       0.001499     321.483215       0.000008     321.483215       0.000008
           8.89     322.109009       0.000844     322.106323       0.000011     322.106323       0.000011
           8.90     322.730042       0.000016     322.730011       0.000007     322.730042       0.000016
           8.91     323.357025       0.000846     323.354340       0.000016     323.354309       0.000006
           8.92     323.984009       0.001488     323.979218       0.000009     323.979218       0.000009
           8.93     324.611023       0.001951     324.604706       0.000005     324.604736       0.000015
           8.94     325.238007       0.002219     325.230804       0.000005     325.230835       0.000014
           8.95     325.865021       0.002311     325.857513       0.000008     325.857513       0.000008
           8.96     326.492004       0.002210     326.484802       0.000004     326.484802       0.000004
           8.97     327.119019       0.001935     327.112701       0.000004     327.112701       0.000004
           8.98     327.746002       0.001469     327.741211       0.000007     327.741211       0.000007
           8.99     328.372986       0.000821     328.370300       0.000004     328.370300       0.000004
           9.00     329.000000       0.000003     329.000000       0.000003     329.000000       0.000003
           9.01     329.632996       0.000821     329.630280       0.000003     329.630280       0.000003
           9.02     330.265991       0.001454     330.261200       0.000003     330.261169       0.000006
           9.03     330.898987       0.001903     330.892670       0.000006     330.892670       0.000006
           9.04     331.531952       0.002161     331.524780       0.000003     331.524780       0.000003
           9.05     332.164978       0.002255     332.157471       0.000005     332.157471       0.000005
           9.06     332.797974       0.002159     332.790771       0.000005     332.790771       0.000005
           9.07     333.430969       0.001884     333.424652       0.000011     333.424652       0.000011
           9.08     334.063965       0.001430     334.059174       0.000004     334.059143       0.000014
           9.09     334.696930       0.000789     334.694275       0.000004     334.694244       0.000013
           9.10     335.329956       0.000010     335.329956       0.000010     335.329956       0.000010
           9.11     335.968964       0.000796     335.966248       0.000012     335.966248       0.000012
           9.12     336.607971       0.001421     336.603180       0.000003     336.603149       0.000012
           9.13     337.246979       0.001865     337.240692       0.000001     337.240662       0.000008
           9.14     337.885986       0.002130     337.878754       0.000010     337.878754       0.000010
           9.15     338.524994       0.002217     338.517487       0.000001     338.517487       0.000001
           9.16     339.164001       0.002127     339.156769       0.000006     339.156799       0.000003
           9.17     339.802979       0.001851     339.796692       0.000001     339.796661       0.000008
           9.18     340.441986       0.001409     340.437195       0.000002     340.437195       0.000002
           9.19     341.080994       0.000793     341.078308       0.000006     341.078278       0.000003
           9.20     341.720001       0.000004     341.720001       0.000004     341.720001       0.000004
           9.21     342.365021       0.000798     342.362305       0.000005     342.362305       0.000005
           9.22     343.009979       0.001397     343.005188       0.000000     343.005219       0.000009
           9.23     343.654999       0.001836     343.648682       0.000002     343.648712       0.000007
           9.24     344.299988       0.002091     344.292786       0.000001     344.292786       0.000001
           9.25     344.945007       0.002180     344.937500       0.000003     344.937500       0.000003
           9.26     345.589996       0.002086     345.582794       0.000002     345.582794       0.000002
           9.27     346.234985       0.001819     346.228699       0.000003     346.228699       0.000003
           9.28     346.880005       0.001389     346.875183       0.000001     346.875183       0.000001
           9.29     347.524994       0.000779     347.522278       0.000003     347.522308       0.000006
           9.30     348.169983       0.000001     348.169983       0.000001     348.169983       0.000001
           9.31     348.820984       0.000773     348.818298       0.000003     348.818298       0.000003
           9.32     349.471985       0.001373     349.467194       0.000002     349.467194       0.000002
           9.33     350.123016       0.001808     350.116699       0.000003     350.116699       0.000003
           9.34     350.773987       0.002052     350.766785       0.000001     350.766785       0.000001
           9.35     351.424988       0.002134     351.417480       0.000002     351.417511       0.000007
           9.36     352.075989       0.002045     352.068787       0.000000     352.068817       0.000008
           9.37     352.726990       0.001787     352.720673       0.000004     352.720703       0.000004
           9.38     353.377991       0.001359     353.373199       0.000003     353.373199       0.000003
           9.39     354.028992       0.000764     354.026306       0.000005     354.026306       0.000005
           9.40     354.680023       0.000010     354.679993       0.000001     354.680023       0.000010
           9.41     355.337006       0.000765     355.334290       0.000001     355.334290       0.000001
           9.42     355.993988       0.001348     355.989197       0.000003     355.989197       0.000003
           9.43     356.651001       0.001770     356.644684       0.000001     356.644684       0.000001
           9.44     357.307983       0.002014     357.300781       0.000002     357.300812       0.000007
           9.45     357.964996       0.002098     357.957489       0.000000     357.957489       0.000000
           9.46     358.621979       0.002005     358.614807       0.000005     358.614807       0.000005
           9.47     359.278992       0.001755     359.272675       0.000004     359.272705       0.000005
           9.48     359.936005       0.001338     359.931183       0.000001     359.931183       0.000001
           9.49     360.592987       0.000749     360.590302       0.000004     360.590271       0.000005
           9.50     361.250000       0.000003     361.250000       0.000003     361.250000       0.000003
           9.51     361.912994       0.000748     361.910278       0.000003     361.910278       0.000003
           9.52     362.575989       0.001324     362.571167       0.000006     362.571198       0.000003
           9.53     363.238983       0.001733     363.232697       0.000003     363.232697       0.000003
           9.54     363.901978       0.001976     363.894775       0.000003     363.894775       0.000003
           9.55     364.564972       0.002053     364.557465       0.000006     364.557465       0.000006
           9.56     365.227966       0.001966     365.220764       0.000006     365.220764       0.000006
           9.57     365.890961       0.001715     365.884674       0.000004     365.884674       0.000004
           9.58     366.553955       0.001301     366.549164       0.000006     366.549164       0.000006
           9.59     367.216980       0.000733     367.214264       0.000006     367.214264       0.000006
           9.60     367.879974       0.000003     367.879974       0.000003     367.879974       0.000003
           9.61     368.548981       0.000731     368.546265       0.000006     368.546265       0.000006
           9.62     369.217987       0.001300     369.213165       0.000006     369.213165       0.000006
           9.63     369.886993       0.001705     369.880676       0.000003     369.880676       0.000003
           9.64     370.556000       0.001946     370.548798       0.000003     370.548767       0.000005
           9.65     371.224976       0.002017     371.217499       0.000003     371.217499       0.000003
           9.66     371.894012       0.001943     371.886780       0.000002     371.886810       0.000006
           9.67     372.562988       0.001691     372.556702       0.000004     372.556702       0.000004
           9.68     373.231995       0.001288     373.227203       0.000004     373.227203       0.000004
           9.69     373.901001       0.000726     373.898285       0.000001     373.898315       0.000008
           9.70     374.570007       0.000005     374.570007       0.000005     374.570007       0.000005
           9.71     375.244995       0.000722     375.242310       0.000006     375.242310       0.000006
           9.72     375.919983       0.001276     375.915192       0.000001     375.915192       0.000001
           9.73     376.595001       0.001677     376.588684       0.000001     376.588684       0.000001
           9.74     377.269989       0.001909     377.262787       0.000000     377.262787       0.000000
           9.75     377.945007       0.001990     377.937500       0.000003     377.937500       0.000003
           9.76     378.619995       0.001904     378.612793       0.000002     378.612793       0.000002
           9.77     379.295013       0.001668     379.288696       0.000003     379.288696       0.000003
           9.78     379.970001       0.001267     379.965179       0.000002     379.965179       0.000002
           9.79     380.644989       0.000710     380.642273       0.000004     380.642273       0.000004
           9.80     381.319977       0.000003     381.319977       0.000003     381.320007       0.000005
           9.81     382.000977       0.000704     381.998291       0.000001     381.998291       0.000001
           9.82     382.682007       0.001260     382.677185       0.000000     382.677185       0.000000
           9.83     383.363007       0.001649     383.356689       0.000001     383.356689       0.000001
           9.84     384.043976       0.001872     384.036774       0.000003     384.036774       0.000003
           9.85     384.725006       0.001955     384.717499       0.000003     384.717499       0.000003
           9.86     385.406006       0.001873     385.398804       0.000004     385.398804       0.000004
           9.87     386.087006       0.001637     386.080688       0.000001     386.080719       0.000008
           9.88     386.768005       0.001246     386.763214       0.000007     386.763214       0.000007
           9.89     387.449005       0.000702     387.446320       0.000009     387.446320       0.000009
           9.90     388.130005       0.000005     388.130005       0.000005     388.130035       0.000013
           9.91     388.817017       0.000702     388.814301       0.000004     388.814331       0.000011
           9.92     389.503998       0.001235     389.499237       0.000013     389.499207       0.000005
           9.93     390.191010       0.001621     390.184692       0.000002     390.184723       0.000009
           9.94     390.878021       0.001851     390.870819       0.000008     390.870819       0.000008
           9.95     391.565002       0.001920     391.557526       0.000010     391.557495       0.000002
           9.96     392.252014       0.001843     392.244812       0.000007     392.244812       0.000007
           9.97     392.938995       0.001606     392.932709       0.000006     392.932709       0.000006
           9.98     393.626007       0.001225     393.621216       0.000008     393.621185       0.000000
           9.99     394.312988       0.000685     394.310303       0.000004     394.310303       0.000004
          10.00     394.999969       0.000004     394.999969       0.000004     394.999969       0.000004
