             x      Linear LP     L_Error(%)   Quadratic LP     Q_Error(%)       Cubic LP     C_Error(%) 
           1.01       2.746870       0.046229       2.745517       0.003059       2.745607       0.000232
           1.02       2.775459       0.081632       2.773053       0.005097       2.773205       0.000379
           1.03       2.804047       0.106434       2.800890       0.006278       2.801078       0.000446
           1.04       2.832635       0.120825       2.829027       0.006701       2.829230       0.000453
           1.05       2.861224       0.125027       2.857466       0.006495       2.857663       0.000421
           1.06       2.889812       0.119224       2.886204       0.005777       2.886381       0.000360
           1.07       2.918401       0.103632       2.915244       0.004652       2.915388       0.000287
           1.08       2.946989       0.078430       2.944584       0.003248       2.944685       0.000193
           1.09       2.975578       0.043827       2.974225       0.001664       2.974277       0.000091
           1.10       3.004166       0.000004       3.004166       0.000004       3.004166       0.000004
           1.11       3.035761       0.046228       3.034408       0.001638       3.034356       0.000083
           1.12       3.067356       0.081632       3.064951       0.003149       3.064850       0.000149
           1.13       3.098951       0.106435       3.095794       0.004448       3.095650       0.000196
           1.14       3.130547       0.120834       3.126938       0.005437       3.126761       0.000229
           1.15       3.162142       0.125029       3.158383       0.006023       3.158185       0.000235
           1.16       3.193737       0.119228       3.189749       0.005776       3.189926       0.000223
           1.17       3.225332       0.103629       3.221843       0.004659       3.221987       0.000189
           1.18       3.256927       0.078436       3.254268       0.003258       3.254369       0.000144
           1.19       3.288522       0.043825       3.287026       0.001667       3.287079       0.000078
           1.20       3.320117       0.000005       3.320117       0.000005       3.320117       0.000003
           1.21       3.355035       0.046226       3.353539       0.001635       3.353482       0.000086
           1.22       3.389953       0.081629       3.387294       0.003146       3.387183       0.000148
           1.23       3.424871       0.106430       3.421382       0.004448       3.421223       0.000200
           1.24       3.459789       0.120828       3.455801       0.005442       3.455606       0.000223
           1.25       3.494707       0.125029       3.490553       0.006022       3.490335       0.000235
           1.26       3.529625       0.119233       3.525218       0.005771       3.525414       0.000219
           1.27       3.564543       0.103633       3.560687       0.004647       3.560846       0.000188
           1.28       3.599461       0.078445       3.596523       0.003243       3.596635       0.000135
           1.29       3.634379       0.043834       3.632726       0.001654       3.632784       0.000073
           1.30       3.669297       0.000009       3.669297       0.000009       3.669297       0.000009
           1.31       3.707887       0.046233       3.706235       0.001646       3.706171       0.000072
           1.32       3.746478       0.081643       3.743540       0.003158       3.743416       0.000141
           1.33       3.785068       0.106444       3.781212       0.004456       3.781036       0.000185
           1.34       3.823658       0.120829       3.819251       0.005442       3.819035       0.000214
           1.35       3.862249       0.125036       3.857658       0.006031       3.857417       0.000230
           1.36       3.900839       0.119234       3.895969       0.005764       3.896185       0.000214
           1.37       3.939429       0.103641       3.935168       0.004647       3.935344       0.000182
           1.38       3.978019       0.078439       3.974773       0.003243       3.974896       0.000136
           1.39       4.016610       0.043829       4.014783       0.001660       4.014847       0.000068
           1.40       4.055200       0.000004       4.055200       0.000004       4.055200       0.000004
           1.41       4.097849       0.046229       4.096023       0.001642       4.095952       0.000081
           1.42       4.140498       0.081634       4.137251       0.003154       4.137115       0.000142
           1.43       4.183147       0.106440       4.178885       0.004459       4.178691       0.000197
           1.44       4.225796       0.120832       4.220925       0.005439       4.220686       0.000233
           1.45       4.268445       0.125028       4.263371       0.006028       4.263104       0.000235
           1.46       4.311093       0.119227       4.305711       0.005776       4.305950       0.000216
           1.47       4.353743       0.103639       4.349032       0.004660       4.349227       0.000187
           1.48       4.396391       0.078438       4.392803       0.003253       4.392940       0.000138
           1.49       4.439040       0.043829       4.437022       0.001662       4.437092       0.000071
           1.50       4.481689       0.000001       4.481689       0.000001       4.481689       0.000001
           1.51       4.528823       0.046228       4.526805       0.001639       4.526727       0.000089
           1.52       4.575958       0.081637       4.572369       0.003149       4.572218       0.000147
           1.53       4.623092       0.106426       4.618382       0.004444       4.618168       0.000193
           1.54       4.670226       0.120823       4.664844       0.005431       4.664579       0.000232
           1.55       4.717360       0.125022       4.711754       0.006022       4.711459       0.000233
           1.56       4.764495       0.119225       4.758546       0.005775       4.758811       0.000224
           1.57       4.811629       0.103631       4.806425       0.004650       4.806639       0.000186
           1.58       4.858764       0.078434       4.854798       0.003253       4.854949       0.000139
           1.59       4.905898       0.043828       4.903667       0.001660       4.903745       0.000075
           1.60       4.953032       0.000003       4.953032       0.000003       4.953032       0.000003
           1.61       5.005124       0.046223       5.002893       0.001635       5.002807       0.000080
           1.62       5.057215       0.081633       5.053249       0.003149       5.053083       0.000145
           1.63       5.109307       0.106432       5.104102       0.004448       5.103865       0.000195
           1.64       5.161398       0.120830       5.155450       0.005440       5.155158       0.000230
           1.65       5.213490       0.125020       5.207293       0.006017       5.206967       0.000238
           1.66       5.265582       0.119233       5.259007       0.005776       5.259299       0.000218
           1.67       5.317673       0.103630       5.311920       0.004660       5.312157       0.000199
           1.68       5.369764       0.078434       5.365382       0.003246       5.365548       0.000145
           1.69       5.421855       0.043820       5.419391       0.001660       5.419476       0.000085
           1.70       5.473947       0.000005       5.473947       0.000005       5.473947       0.000005
           1.71       5.531517       0.046223       5.529052       0.001635       5.528957       0.000081
           1.72       5.589087       0.081630       5.584704       0.003152       5.584520       0.000152
           1.73       5.646657       0.106435       5.640905       0.004451       5.640643       0.000198
           1.74       5.704227       0.120830       5.697653       0.005432       5.697330       0.000226
           1.75       5.761797       0.125028       5.754949       0.006021       5.754589       0.000235
           1.76       5.819367       0.119229       5.812102       0.005771       5.812425       0.000217
           1.77       5.876937       0.103633       5.870580       0.004651       5.870842       0.000184
           1.78       5.934507       0.078435       5.929664       0.003249       5.929848       0.000145
           1.79       5.992077       0.043827       5.989353       0.001656       5.989448       0.000072
           1.80       6.049647       0.000000       6.049647       0.000000       6.049648       0.000007
           1.81       6.113272       0.046230       6.110548       0.001640       6.110443       0.000077
           1.82       6.176897       0.081640       6.172053       0.003160       6.171849       0.000147
           1.83       6.240522       0.106440       6.234164       0.004455       6.233875       0.000188
           1.84       6.304146       0.120831       6.296881       0.005441       6.296524       0.000224
           1.85       6.367771       0.125031       6.360203       0.006028       6.359805       0.000232
           1.86       6.431396       0.119228       6.423366       0.005769       6.423723       0.000216
           1.87       6.495020       0.103635       6.487995       0.004648       6.488284       0.000187
           1.88       6.558645       0.078439       6.553292       0.003249       6.553496       0.000135
           1.89       6.622270       0.043827       6.619258       0.001664       6.619364       0.000072
           1.90       6.685894       0.000003       6.685894       0.000003       6.685894       0.000003
           1.91       6.756211       0.046233       6.753200       0.001642       6.753083       0.000080
           1.92       6.826527       0.081635       6.821174       0.003157       6.820949       0.000143
           1.93       6.896843       0.106435       6.889817       0.004451       6.889497       0.000193
           1.94       6.967159       0.120833       6.959129       0.005439       6.958735       0.000221
           1.95       7.037476       0.125033       7.029111       0.006032       7.028671       0.000230
           1.96       7.107791       0.119230       7.098917       0.005774       7.099311       0.000219
           1.97       7.178108       0.103636       7.170342       0.004656       7.170663       0.000188
           1.98       7.248424       0.078434       7.242507       0.003250       7.242733       0.000142
           1.99       7.318740       0.043829       7.315412       0.001662       7.315528       0.000078
           2.00       7.389056       0.000003       7.389056       0.000003       7.389056       0.000004
           2.01       7.466768       0.046234       7.463439       0.001638       7.463311       0.000080
           2.02       7.544479       0.081638       7.538562       0.003151       7.538314       0.000145
           2.03       7.622190       0.106432       7.614426       0.004459       7.614072       0.000188
           2.04       7.699902       0.120836       7.691028       0.005443       7.690592       0.000218
           2.05       7.777613       0.125030       7.768369       0.006028       7.767883       0.000227
           2.06       7.855325       0.119235       7.845518       0.005761       7.845953       0.000218
           2.07       7.933036       0.103635       7.924455       0.004647       7.924809       0.000182
           2.08       8.010748       0.078446       8.004210       0.003238       8.004458       0.000129
           2.09       8.088459       0.043835       8.084782       0.001649       8.084909       0.000068
           2.10       8.166171       0.000017       8.166171       0.000017       8.166171       0.000017
           2.11       8.252055       0.046241       8.248378       0.001658       8.248236       0.000065
           2.12       8.337939       0.081645       8.331401       0.003164       8.331126       0.000133
           2.13       8.423823       0.106440       8.415242       0.004463       8.414851       0.000183
           2.14       8.509707       0.120832       8.499900       0.005441       8.499418       0.000225
           2.15       8.595592       0.125027       8.585376       0.006029       8.584838       0.000236
           2.16       8.681477       0.119236       8.670637       0.005770       8.671119       0.000216
           2.17       8.767361       0.103638       8.757876       0.004652       8.758267       0.000187
           2.18       8.853245       0.078437       8.846019       0.003247       8.846293       0.000142
           2.19       8.939129       0.043827       8.935064       0.001663       8.935206       0.000072
           2.20       9.025014       0.000007       9.025013       0.000003       9.025013       0.000003
           2.21       9.119930       0.046229       9.115865       0.001630       9.115709       0.000075
           2.22       9.214847       0.081631       9.207622       0.003160       9.207317       0.000144
           2.23       9.309764       0.106433       9.300280       0.004449       9.299848       0.000196
           2.24       9.404681       0.120832       9.393842       0.005437       9.393310       0.000228
           2.25       9.499599       0.125034       9.488307       0.006023       9.487714       0.000229
           2.26       9.594515       0.119230       9.582536       0.005772       9.583068       0.000219
           2.27       9.689432       0.103639       9.678950       0.004651       9.679382       0.000188
           2.28       9.784348       0.078435       9.776362       0.003250       9.776667       0.000138
           2.29       9.879266       0.043832       9.874774       0.001655       9.874929       0.000081
           2.30       9.974182       0.000000       9.974182       0.000000       9.974182       0.000000
           2.31      10.079082       0.046228      10.074590       0.001641      10.074416       0.000081
           2.32      10.183981       0.081635      10.175995       0.003153      10.175659       0.000146
           2.33      10.288879       0.106424      10.278399       0.004449      10.277921       0.000200
           2.34      10.393780       0.120829      10.381801       0.005437      10.381212       0.000231
           2.35      10.498678       0.125018      10.486200       0.006017      10.485544       0.000240
           2.36      10.603578       0.119220      10.590339       0.005783      10.590926       0.000236
           2.37      10.708477       0.103624      10.696893       0.004667      10.697371       0.000200
           2.38      10.813376       0.078426      10.804550       0.003261      10.804887       0.000145
           2.39      10.918276       0.043819      10.913311       0.001673      10.913484       0.000091
           2.40      11.023175       0.000007      11.023175       0.000007      11.023174       0.000016
           2.41      11.139107       0.046219      11.134142       0.001627      11.133951       0.000086
           2.42      11.255038       0.081624      11.246212       0.003139      11.245841       0.000159
           2.43      11.370971       0.106428      11.359386       0.004443      11.358858       0.000208
           2.44      11.486902       0.120821      11.473663       0.005430      11.473013       0.000239
           2.45      11.602834       0.125017      11.589043       0.006009      11.588319       0.000237
           2.46      11.718766       0.119225      11.704135       0.005777      11.704784       0.000229
           2.47      11.834698       0.103627      11.821896       0.004659      11.822423       0.000199
           2.48      11.950630       0.078435      11.940876       0.003249      11.941247       0.000143
           2.49      12.066562       0.043826      12.061075       0.001662      12.061267       0.000073
           2.50      12.182493       0.000003      12.182494       0.000005      12.182493       0.000003
           2.51      12.310617       0.046224      12.305132       0.001644      12.304920       0.000077
           2.52      12.438743       0.081638      12.428988       0.003156      12.428578       0.000144
           2.53      12.566868       0.106441      12.554065       0.004453      12.553482       0.000188
           2.54      12.694992       0.120835      12.680361       0.005444      12.679643       0.000220
           2.55      12.823116       0.125032      12.807876       0.006030      12.807075       0.000225
           2.56      12.951241       0.119232      12.935072       0.005759      12.935789       0.000215
           2.57      13.079366       0.103643      13.065217       0.004645      13.065801       0.000178
           2.58      13.207490       0.078443      13.196711       0.003236      13.197121       0.000129
           2.59      13.335615       0.043842      13.329551       0.001653      13.329762       0.000065
           2.60      13.463739       0.000014      13.463739       0.000014      13.463739       0.000014
           2.61      13.605338       0.046237      13.599275       0.001649      13.599041       0.000069
           2.62      13.746938       0.081646      13.736158       0.003169      13.735704       0.000136
           2.63      13.888537       0.106446      13.874388       0.004457      13.873743       0.000190
           2.64      14.030135       0.120829      14.013967       0.005448      14.013172       0.000221
           2.65      14.171735       0.125029      14.154892       0.006033      14.154005       0.000234
           2.66      14.313334       0.119233      14.295463       0.005777      14.296258       0.000214
           2.67      14.454933       0.103633      14.439297       0.004653      14.439941       0.000189
           2.68      14.596533       0.078437      14.584619       0.003251      14.585072       0.000145
           2.69      14.738132       0.043825      14.731430       0.001665      14.731664       0.000079
           2.70      14.879731       0.000000      14.879731       0.000000      14.879731       0.000000
           2.71      15.036222       0.046227      15.029521       0.001637      15.029263       0.000082
           2.72      15.192714       0.081633      15.180799       0.003148      15.180299       0.000151
           2.73      15.349206       0.106435      15.333569       0.004449      15.332857       0.000191
           2.74      15.505697       0.120829      15.487826       0.005436      15.486949       0.000229
           2.75      15.662189       0.125031      15.643574       0.006025      15.642595       0.000230
           2.76      15.818681       0.119232      15.798931       0.005767      15.799808       0.000220
           2.77      15.975172       0.103635      15.957891       0.004649      15.958604       0.000185
           2.78      16.131664       0.078441      16.118498       0.003241      16.118998       0.000141
           2.79      16.288155       0.043827      16.280748       0.001663      16.281008       0.000070
           2.80      16.444647       0.000004      16.444647       0.000004      16.444647       0.000004
           2.81      16.617598       0.046238      16.610191       0.001648      16.609905       0.000074
           2.82      16.790546       0.081639      16.777380       0.003159      16.776827       0.000138
           2.83      16.963495       0.106430      16.946215       0.004453      16.945427       0.000196
           2.84      17.136446       0.120831      17.116695       0.005437      17.115725       0.000235
           2.85      17.309395       0.125023      17.288822       0.006022      17.287739       0.000245
           2.86      17.482344       0.119219      17.460516       0.005785      17.461485       0.000237
           2.87      17.655293       0.103618      17.636194       0.004668      17.636982       0.000201
           2.88      17.828243       0.078425      17.813690       0.003268      17.814245       0.000153
           2.89      18.001194       0.043823      17.993008       0.001674      17.993294       0.000084
           2.90      18.174143       0.000010      18.174143       0.000010      18.174141       0.000020
           2.91      18.365282       0.046219      18.357096       0.001623      18.356781       0.000091
           2.92      18.556421       0.081627      18.541868       0.003136      18.541258       0.000155
           2.93      18.747561       0.106425      18.728460       0.004435      18.727591       0.000209
           2.94      18.938700       0.120821      18.916872       0.005427      18.915800       0.000240
           2.95      19.129839       0.125019      19.107101       0.006011      19.105907       0.000238
           2.96      19.320978       0.119221      19.296856       0.005778      19.297928       0.000223
           2.97      19.512117       0.103626      19.491011       0.004659      19.491882       0.000187
           2.98      19.703257       0.078428      19.687176       0.003251      19.687788       0.000141
           2.99      19.894396       0.043822      19.885351       0.001662      19.885666       0.000079
           3.00      20.085535       0.000005      20.085537       0.000005      20.085535       0.000005
           3.01      20.296778       0.046229      20.287731       0.001637      20.287384       0.000074
           3.02      20.508018       0.081633      20.491938       0.003157      20.491261       0.000148
           3.03      20.719261       0.106437      20.698153       0.004449      20.697191       0.000195
           3.04      20.930502       0.120829      20.906380       0.005441      20.905195       0.000225
           3.05      21.141743       0.125024      21.116617       0.006032      21.115295       0.000228
           3.06      21.352985       0.119232      21.326324       0.005775      21.327509       0.000222
           3.07      21.564228       0.103642      21.540899       0.004653      21.541862       0.000182
           3.08      21.775469       0.078441      21.757696       0.003241      21.758371       0.000138
           3.09      21.986710       0.043830      21.976713       0.001655      21.977062       0.000067
           3.10      22.197952       0.000009      22.197952       0.000009      22.197952       0.000009
           3.11      22.431410       0.046236      22.421412       0.001642      22.421026       0.000076
           3.12      22.664867       0.081641      22.647093       0.003154      22.646345       0.000148
           3.13      22.898323       0.106429      22.874996       0.004449      22.873934       0.000195
           3.14      23.131783       0.120832      23.105122       0.005436      23.103813       0.000228
           3.15      23.365240       0.125028      23.337469       0.006023      23.336008       0.000237
           3.16      23.598698       0.119229      23.569233       0.005778      23.570541       0.000227
           3.17      23.832153       0.103623      23.806374       0.004661      23.807436       0.000198
           3.18      24.065611       0.078424      24.045969       0.003258      24.046717       0.000148
           3.19      24.299070       0.043824      24.288021       0.001668      24.288406       0.000082
           3.20      24.532528       0.000004      24.532528       0.000004      24.532528       0.000004
           3.21      24.790539       0.046224      24.779490       0.001632      24.779062       0.000092
           3.22      25.048550       0.081631      25.028906       0.003144      25.028082       0.000148
           3.23      25.306561       0.106429      25.280779       0.004443      25.279604       0.000205
           3.24      25.564573       0.120832      25.535109       0.005436      25.533663       0.000226
           3.25      25.822582       0.125022      25.791891       0.006020      25.790279       0.000230
           3.26      26.080595       0.119231      26.048033       0.005770      26.049479       0.000220
           3.27      26.338606       0.103635      26.310114       0.004652      26.311289       0.000187
           3.28      26.596617       0.078438      26.574907       0.003251      26.575735       0.000136
           3.29      26.854628       0.043830      26.842417       0.001660      26.842842       0.000075
           3.30      27.112638       0.000003      27.112638       0.000003      27.112638       0.000003
           3.31      27.397783       0.046227      27.385574       0.001644      27.385101       0.000083
           3.32      27.682930       0.081636      27.661222       0.003157      27.660309       0.000146
           3.33      27.968075       0.106429      27.939585       0.004454      27.938286       0.000195
           3.34      28.253222       0.120827      28.220659       0.005436      28.219059       0.000235
           3.35      28.538366       0.125020      28.504448       0.006020      28.502663       0.000244
           3.36      28.823511       0.119218      28.787525       0.005781      28.789124       0.000229
           3.37      29.108660       0.103631      29.077169       0.004664      29.078468       0.000197
           3.38      29.393805       0.078428      29.369812       0.003260      29.370726       0.000150
           3.39      29.678949       0.043817      29.665455       0.001671      29.665926       0.000083
           3.40      29.964096       0.000008      29.964096       0.000008      29.964096       0.000008
           3.41      30.279230       0.046216      30.265736       0.001629      30.265215       0.000092
           3.42      30.594366       0.081626      30.570375       0.003147      30.569365       0.000160
           3.43      30.909502       0.106427      30.878012       0.004439      30.876577       0.000206
           3.44      31.224636       0.120818      31.188650       0.005431      31.186884       0.000233
           3.45      31.539772       0.125019      31.502285       0.006014      31.500315       0.000241
           3.46      31.854908       0.119223      31.815136       0.005779      31.816902       0.000228
           3.47      32.170044       0.103630      32.135242       0.004662      32.136677       0.000199
           3.48      32.485180       0.078435      32.458664       0.003254      32.459675       0.000140
           3.49      32.800312       0.043818      32.785400       0.001664      32.785919       0.000081
           3.50      33.115452       0.000005      33.115452       0.000005      33.115448       0.000006
           3.51      33.463730       0.046232      33.448814       0.001640      33.448238       0.000082
           3.52      33.812008       0.081639      33.785492       0.003153      33.784378       0.000144
           3.53      34.160286       0.106436      34.125484       0.004451      34.123901       0.000188
           3.54      34.508568       0.120842      34.468792       0.005439      34.466843       0.000216
           3.55      34.856846       0.125039      34.815414       0.006029      34.813240       0.000217
           3.56      35.205124       0.119240      35.161171       0.005757      35.163120       0.000213
           3.57      35.553402       0.103644      35.514942       0.004643      35.516529       0.000175
           3.58      35.901680       0.078446      35.872379       0.003232      35.873493       0.000127
           3.59      36.249958       0.043838      36.233475       0.001653      36.234051       0.000064
           3.60      36.598240       0.000021      36.598236       0.000010      36.598236       0.000010
           3.61      36.983143       0.046238      36.966663       0.001657      36.966022       0.000076
           3.62      37.368050       0.081644      37.338749       0.003169      37.337513       0.000141
           3.63      37.752956       0.106441      37.714497       0.004461      37.712746       0.000182
           3.64      38.137863       0.120836      38.093910       0.005449      38.091751       0.000219
           3.65      38.522770       0.125033      38.476986       0.006036      38.474575       0.000231
           3.66      38.907673       0.119225      38.859097       0.005774      38.861256       0.000219
           3.67      39.292580       0.103628      39.250072       0.004665      39.251831       0.000185
           3.68      39.677490       0.078440      39.645100       0.003259      39.646336       0.000141
           3.69      40.062393       0.043822      40.044174       0.001674      40.044811       0.000083
           3.70      40.447300       0.000005      40.447300       0.000005      40.447300       0.000005
           3.71      40.872688       0.046224      40.854473       0.001638      40.853771       0.000080
           3.72      41.298077       0.081632      41.265690       0.003146      41.264328       0.000154
           3.73      41.723465       0.106431      41.680958       0.004444      41.679020       0.000206
           3.74      42.148849       0.120818      42.100273       0.005429      42.097889       0.000234
           3.75      42.574238       0.125017      42.523636       0.006012      42.520981       0.000232
           3.76      42.999630       0.119228      42.945946       0.005769      42.948330       0.000217
           3.77      43.425018       0.103633      43.378044       0.004652      43.379978       0.000194
           3.78      43.850407       0.078436      43.814617       0.003245      43.815979       0.000137
           3.79      44.275795       0.043830      44.255661       0.001664      44.256363       0.000078
           3.80      44.701180       0.000005      44.701183       0.000004      44.701183       0.000004
           3.81      45.171307       0.046225      45.151176       0.001640      45.150398       0.000084
           3.82      45.641434       0.081633      45.605644       0.003155      45.604141       0.000141
           3.83      46.111561       0.106432      46.064587       0.004453      46.062443       0.000201
           3.84      46.581688       0.120829      46.528000       0.005434      46.525364       0.000231
           3.85      47.051815       0.125029      46.995892       0.006025      46.992947       0.000242
           3.86      47.521938       0.119224      47.462605       0.005781      47.465240       0.000227
           3.87      47.992065       0.103629      47.940147       0.004663      47.942291       0.000191
           3.88      48.462193       0.078433      48.422634       0.003258      48.424141       0.000147
           3.89      48.932316       0.043819      48.910069       0.001666      48.910843       0.000083
           3.90      49.402443       0.000006      49.402443       0.000006      49.402443       0.000006
           3.91      49.922012       0.046221      49.899761       0.001628      49.898907       0.000084
           3.92      50.441586       0.081634      50.402027       0.003146      50.400364       0.000154
           3.93      50.961151       0.106423      50.909237       0.004445      50.906872       0.000201
           3.94      51.480724       0.120825      51.421391       0.005431      51.418476       0.000237
           3.95      52.000294       0.125021      51.938488       0.006016      51.935238       0.000242
           3.96      52.519863       0.119222      52.454288       0.005784      52.457203       0.000228
           3.97      53.039433       0.103625      52.982056       0.004665      52.984425       0.000194
           3.98      53.559002       0.078426      53.515289       0.003254      53.516953       0.000146
           3.99      54.078575       0.043825      54.053982       0.001672      54.054844       0.000077
           4.00      54.598145       0.000003      54.598145       0.000003      54.598145       0.000003
           4.01      55.172359       0.046227      55.147770       0.001638      55.146820       0.000085
           4.02      55.746574       0.081636      55.702858       0.003152      55.701019       0.000149
           4.03      56.320786       0.106429      56.263409       0.004446      56.260796       0.000199
           4.04      56.895004       0.120834      56.829430       0.005439      56.826210       0.000227
           4.05      57.469215       0.125027      57.400909       0.006022      57.397320       0.000232
           4.06      58.043430       0.119231      57.970963       0.005769      57.974178       0.000222
           4.07      58.617645       0.103637      58.554234       0.004654      58.556847       0.000191
           4.08      59.191860       0.078441      59.143547       0.003244      59.145386       0.000135
           4.09      59.766071       0.043830      59.738895       0.001661      59.739849       0.000064
           4.10      60.340290       0.000011      60.340286       0.000005      60.340290       0.000011
           4.11      60.974892       0.046234      60.947720       0.001651      60.946671       0.000070
           4.12      61.609497       0.081643      61.561184       0.003161      61.559155       0.000136
           4.13      62.244102       0.106443      62.180691       0.004458      62.177803       0.000186
           4.14      62.878708       0.120840      62.806240       0.005450      62.802685       0.000211
           4.15      63.513313       0.125039      63.437824       0.006035      63.433861       0.000213
           4.16      64.147919       0.119243      64.067833       0.005752      64.071388       0.000203
           4.17      64.782524       0.103648      64.712448       0.004635      64.715340       0.000167
           4.18      65.417130       0.078452      65.363739       0.003227      65.365768       0.000123
           4.19      66.051735       0.043846      66.021706       0.001637      66.022751       0.000054
           4.20      66.686340       0.000021      66.686340       0.000021      66.686340       0.000021
           4.21      67.387688       0.046250      67.357651       0.001657      67.356491       0.000065
           4.22      68.089027       0.081648      68.035637       0.003171      68.033386       0.000137
           4.23      68.790375       0.106447      68.720299       0.004470      68.717094       0.000193
           4.24      69.491714       0.120833      69.411629       0.005449      69.407692       0.000223
           4.25      70.193054       0.125022      70.109634       0.006030      70.105240       0.000239
           4.26      70.894402       0.119225      70.805885       0.005780      70.809814       0.000231
           4.27      71.595741       0.103620      71.518288       0.004674      71.521484       0.000204
           4.28      72.297089       0.078424      72.238075       0.003266      72.240326       0.000151
           4.29      72.998428       0.043808      72.965233       0.001686      72.966393       0.000097
           4.30      73.699776       0.000017      73.699768       0.000027      73.699776       0.000017
           4.31      74.474876       0.046202      74.441681       0.001609      74.440407       0.000103
           4.32      75.249985       0.081611      75.190979       0.003134      75.188499       0.000164
           4.33      76.025093       0.106410      75.947647       0.004432      75.944115       0.000219
           4.34      76.800209       0.120817      76.711685       0.005412      76.707344       0.000247
           4.35      77.575317       0.125016      77.483109       0.006003      77.478256       0.000259
           4.36      78.350426       0.119219      78.252594       0.005794      78.256943       0.000237
           4.37      79.125526       0.103615      79.039932       0.004673      79.043465       0.000204
           4.38      79.900635       0.078418      79.835426       0.003258      79.837906       0.000152
           4.39      80.675743       0.043812      80.639061       0.001676      80.640343       0.000087
           4.40      81.450851       0.000014      81.450851       0.000014      81.450851       0.000014
           4.41      82.307480       0.046217      82.270798       0.001629      82.269379       0.000096
           4.42      83.164101       0.081618      83.098892       0.003145      83.096146       0.000161
           4.43      84.020729       0.106419      83.935135       0.004437      83.931236       0.000208
           4.44      84.877357       0.120817      84.779533       0.005424      84.774734       0.000237
           4.45      85.733986       0.125017      85.632088       0.006015      85.626732       0.000240
           4.46      86.590614       0.119222      86.482506       0.005777      86.487305       0.000229
           4.47      87.447235       0.103620      87.352646       0.004659      87.356544       0.000197
           4.48      88.303871       0.078433      88.231796       0.003252      88.234535       0.000148
           4.49      89.160492       0.043820      89.119949       0.001671      89.121368       0.000079
           4.50      90.017120       0.000004      90.017120       0.000004      90.017120       0.000004
           4.51      90.963837       0.046221      90.923294       0.001631      90.921738       0.000081
           4.52      91.910561       0.081635      91.838486       0.003152      91.835457       0.000146
           4.53      92.857285       0.106438      92.762680       0.004448      92.758377       0.000190
           4.54      93.803993       0.120824      93.695892       0.005443      93.690582       0.000225
           4.55      94.750717       0.125027      94.638100       0.006022      94.632179       0.000234
           4.56      95.697441       0.119235      95.577957       0.005770      95.583260       0.000222
           4.57      96.644157       0.103637      96.539612       0.004651      96.543922       0.000186
           4.58      97.590874       0.078437      97.511223       0.003244      97.514252       0.000138
           4.59      98.537590       0.043828      98.492790       0.001657      98.494354       0.000069
           4.60      99.484314       0.000006      99.484314       0.000006      99.484314       0.000006
           4.61     100.530602       0.046236     100.485794       0.001645     100.484070       0.000071
           4.62     101.576889       0.081645     101.497238       0.003167     101.493889       0.000133
           4.63     102.623177       0.106445     102.518631       0.004463     102.513870       0.000181
           4.64     103.669464       0.120842     103.549980       0.005448     103.544128       0.000204
           4.65     104.715744       0.125034     104.591293       0.006039     104.584755       0.000212
           4.66     105.762032       0.119238     105.629997       0.005752     105.635857       0.000205
           4.67     106.808327       0.103651     106.692795       0.004629     106.697548       0.000174
           4.68     107.854614       0.078455     107.766586       0.003227     107.769936       0.000119
           4.69     108.900902       0.043849     108.851387       0.001639     108.853111       0.000055
           4.70     109.947189       0.000024     109.947189       0.000024     109.947189       0.000024
           4.71     111.103508       0.046246     111.053993       0.001659     111.052078       0.000065
           4.72     112.259827       0.081648     112.171799       0.003170     112.168091       0.000136
           4.73     113.416145       0.106441     113.300613       0.004467     113.295341       0.000187
           4.74     114.572464       0.120831     114.440430       0.005451     114.433937       0.000223
           4.75     115.728783       0.125024     115.591240       0.006026     115.584000       0.000238
           4.76     116.885101       0.119221     116.739159       0.005788     116.745651       0.000227
           4.77     118.041420       0.103620     117.913719       0.004675     117.918991       0.000204
           4.78     119.197739       0.078418     119.100449       0.003267     119.104149       0.000160
           4.79     120.354065       0.043812     120.299332       0.001685     120.301239       0.000099
           4.80     121.510384       0.000019     121.510384       0.000019     121.510384       0.000019
           4.81     122.788315       0.046205     122.733597       0.001621     122.731476       0.000107
           4.82     124.066254       0.081614     123.968964       0.003133     123.964867       0.000172
           4.83     125.344193       0.106414     125.216499       0.004432     125.210678       0.000217
           4.84     126.622131       0.120812     126.476189       0.005415     126.469025       0.000250
           4.85     127.900063       0.125006     127.748039       0.005997     127.740051       0.000256
           4.86     129.178009       0.119216     129.016724       0.005788     129.023880       0.000241
           4.87     130.455948       0.103623     130.314819       0.004670     130.320633       0.000209
           4.88     131.733887       0.078427     131.626358       0.003262     131.630447       0.000156
           4.89     133.011810       0.043811     132.951340       0.001672     132.953445       0.000088
           4.90     134.289749       0.000014     134.289749       0.000014     134.289764       0.000003
           4.91     135.702087       0.046214     135.641617       0.001632     135.639282       0.000089
           4.92     137.114426       0.081622     137.006912       0.003147     137.002396       0.000150
           4.93     138.526779       0.106431     138.385651       0.004445     138.379227       0.000198
           4.94     139.939117       0.120827     139.777832       0.005434     139.769913       0.000232
           4.95     141.351456       0.125025     141.183456       0.006024     141.174622       0.000234
           4.96     142.763794       0.119227     142.585541       0.005780     142.593460       0.000227
           4.97     144.176132       0.103632     144.020172       0.004654     144.026596       0.000193
           4.98     145.588470       0.078434     145.469635       0.003254     145.474167       0.000139
           4.99     147.000809       0.043827     146.933975       0.001657     146.936295       0.000079
           5.00     148.413147       0.000001     148.413147       0.000001     148.413147       0.000001
           5.01     149.974030       0.046234     149.907181       0.001640     149.904602       0.000080
           5.02     151.534897       0.081636     151.416077       0.003161     151.411072       0.000144
           5.03     153.095779       0.106439     152.939819       0.004460     152.932709       0.000190
           5.04     154.656647       0.120830     154.478409       0.005443     154.469650       0.000227
           5.05     156.217529       0.125033     156.031860       0.006031     156.022095       0.000228
           5.06     157.778412       0.119239     157.581421       0.005762     157.590164       0.000214
           5.07     159.339279       0.103639     159.166916       0.004647     159.174026       0.000180
           5.08     160.900162       0.078446     160.768829       0.003242     160.773834       0.000129
           5.09     162.461029       0.043834     162.387161       0.001654     162.389740       0.000066
           5.10     164.021912       0.000012     164.021912       0.000012     164.021912       0.000012
           5.11     165.746948       0.046242     165.673065       0.001645     165.670227       0.000068
           5.12     167.471985       0.081651     167.340652       0.003166     167.335129       0.000135
           5.13     169.197021       0.106450     169.024643       0.004461     169.016800       0.000179
           5.14     170.922058       0.120847     170.725067       0.005456     170.715408       0.000202
           5.15     172.647079       0.125038     172.441895       0.006043     172.431107       0.000213
           5.16     174.372131       0.119250     174.154434       0.005745     174.164093       0.000199
           5.17     176.097153       0.103648     175.906677       0.004629     175.914520       0.000171
           5.18     177.822189       0.078452     177.677063       0.003226     177.682587       0.000117
           5.19     179.547226       0.043846     179.465591       0.001641     179.468445       0.000051
           5.20     181.272263       0.000021     181.272263       0.000021     181.272263       0.000021
           5.21     183.178711       0.046244     183.097076       0.001658     183.093933       0.000059
           5.22     185.085159       0.081647     184.940033       0.003172     184.933914       0.000137
           5.23     186.991608       0.106440     186.801132       0.004468     186.792435       0.000188
           5.24     188.898056       0.120831     188.680359       0.005446     188.669662       0.000224
           5.25     190.804504       0.125024     190.577744       0.006031     190.565796       0.000238
           5.26     192.710953       0.119222     192.470352       0.005778     192.481033       0.000228
           5.27     194.617401       0.103622     194.406860       0.004672     194.415558       0.000199
           5.28     196.523865       0.078428     196.363434       0.003271     196.369553       0.000155
           5.29     198.430313       0.043816     198.340073       0.001681     198.343216       0.000096
           5.30     200.336761       0.000015     200.336746       0.000022     200.336746       0.000022
           5.31     202.443710       0.046208     202.353485       0.001619     202.350006       0.000100
           5.32     204.550674       0.081617     204.390274       0.003137     204.383514       0.000170
           5.33     206.657639       0.106417     206.447098       0.004429     206.437500       0.000220
           5.34     208.764587       0.120807     208.523987       0.005418     208.512177       0.000246
           5.35     210.871552       0.125007     210.620911       0.005998     210.607742       0.000254
           5.36     212.978531       0.119217     212.712616       0.005787     212.724426       0.000235
           5.37     215.085495       0.103623     214.852814       0.004669     214.862411       0.000203
           5.38     217.192444       0.078420     217.015182       0.003259     217.021927       0.000151
           5.39     219.299408       0.043815     219.199692       0.001675     219.203171       0.000088
           5.40     221.406372       0.000010     221.406372       0.000010     221.406372       0.000010
           5.41     223.734924       0.046218     223.635208       0.001629     223.631363       0.000091
           5.42     226.063477       0.081626     225.886200       0.003143     225.878738       0.000160
           5.43     228.392029       0.106424     228.159363       0.004444     228.148743       0.000210
           5.44     230.720581       0.120820     230.454681       0.005433     230.441620       0.000235
           5.45     233.049149       0.125025     232.772156       0.006020     232.757584       0.000240
           5.46     235.377686       0.119221     235.083817       0.005778     235.096863       0.000229
           5.47     237.706253       0.103632     237.449097       0.004663     237.459702       0.000197
           5.48     240.034805       0.078434     239.838867       0.003259     239.846344       0.000141
           5.49     242.363342       0.043821     242.253143       0.001667     242.256989       0.000080
           5.50     244.691895       0.000005     244.691910       0.000001     244.691910       0.000001
           5.51     247.265350       0.046226     247.155151       0.001638     247.150894       0.000084
           5.52     249.838806       0.081637     249.642883       0.003153     249.634644       0.000148
           5.53     252.412247       0.106432     252.155106       0.004450     252.143387       0.000198
           5.54     254.985703       0.120831     254.691833       0.005442     254.677399       0.000226
           5.55     257.559174       0.125038     257.253021       0.006022     257.236938       0.000230
           5.56     260.132599       0.119231     259.807831       0.005765     259.822266       0.000209
           5.57     262.706055       0.103638     262.421875       0.004648     262.433594       0.000182
           5.58     265.279510       0.078444     265.062988       0.003241     265.071228       0.000132
           5.59     267.852966       0.043840     267.731171       0.001651     267.735443       0.000056
           5.60     270.426422       0.000016     270.426422       0.000016     270.426422       0.000016
           5.61     273.270508       0.046239     273.148743       0.001659     273.144043       0.000061
           5.62     276.114624       0.081652     275.898102       0.003170     275.889008       0.000126
           5.63     278.958710       0.106445     278.674530       0.004465     278.661591       0.000179
           5.64     281.802826       0.120846     281.478027       0.005449     281.462128       0.000200
           5.65     284.646942       0.125050     284.308594       0.006035     284.290833       0.000212
           5.66     287.491028       0.119247     287.132111       0.005747     287.148041       0.000199
           5.67     290.335114       0.103646     290.021088       0.004626     290.034027       0.000164
           5.68     293.179230       0.078454     292.939941       0.003229     292.949066       0.000114
           5.69     296.023315       0.043842     295.888733       0.001641     295.893433       0.000053
           5.70     298.867432       0.000021     298.867432       0.000021     298.867432       0.000021
           5.71     302.010620       0.046239     301.876038       0.001657     301.870850       0.000062
           5.72     305.153839       0.081648     304.914551       0.003168     304.904480       0.000135
           5.73     308.297028       0.106437     307.982971       0.004460     307.968658       0.000187
           5.74     311.440247       0.120833     311.081329       0.005449     311.063690       0.000221
           5.75     314.583435       0.125022     314.209564       0.006027     314.189880       0.000238
           5.76     317.726654       0.119225     317.329926       0.005788     317.347565       0.000230
           5.77     320.869873       0.103630     320.522736       0.004668     320.537048       0.000203
           5.78     324.013062       0.078424     323.748566       0.003271     323.758667       0.000151
           5.79     327.156281       0.043818     327.007477       0.001686     327.012695       0.000090
           5.80     330.299469       0.000017     330.299469       0.000017     330.299469       0.000017
           5.81     333.773254       0.046210     333.624481       0.001616     333.618744       0.000104
           5.82     337.247040       0.081616     336.982574       0.003133     336.971436       0.000173
           5.83     340.720856       0.106421     340.373718       0.004429     340.357910       0.000215
           5.84     344.194611       0.120806     343.797913       0.005413     343.778473       0.000242
           5.85     347.668427       0.125012     347.255188       0.006003     347.233459       0.000254
           5.86     351.142212       0.119212     350.703827       0.005782     350.723267       0.000239
           5.87     354.616028       0.103624     354.232391       0.004672     354.248199       0.000210
           5.88     358.089813       0.078425     357.797546       0.003258     357.808655       0.000153
           5.89     361.563599       0.043816     361.399200       0.001672     361.404938       0.000085
           5.90     365.037415       0.000004     365.037415       0.000004     365.037415       0.000004
           5.91     368.876526       0.046219     368.712128       0.001631     368.705780       0.000091
           5.92     372.715668       0.081629     372.423401       0.003149     372.411102       0.000153
           5.93     376.554810       0.106429     376.171173       0.004440     376.153717       0.000201
           5.94     380.393951       0.120827     379.955536       0.005435     379.934021       0.000228
           5.95     384.233093       0.125027     383.776398       0.006020     383.752380       0.000239
           5.96     388.072235       0.119232     387.587677       0.005780     387.609222       0.000222
           5.97     391.911346       0.103630     391.487396       0.004657     391.504883       0.000190
           5.98     395.750488       0.078435     395.427490       0.003245     395.439758       0.000143
           5.99     399.589630       0.043830     399.407928       0.001662     399.414276       0.000072
           6.00     403.428741       0.000002     403.428772       0.000006     403.428772       0.000006
           6.01     407.671661       0.046232     407.489960       0.001641     407.482941       0.000082
           6.02     411.914551       0.081637     411.591553       0.003159     411.577942       0.000148
           6.03     416.157440       0.106433     415.733490       0.004452     415.714172       0.000195
           6.04     420.400360       0.120834     419.915833       0.005441     419.892059       0.000221
           6.05     424.643250       0.125030     424.138550       0.006028     424.112000       0.000232
           6.06     428.886139       0.119230     428.350677       0.005769     428.374451       0.000219
           6.07     433.129028       0.103632     432.660492       0.004655     432.679840       0.000183
           6.08     437.371979       0.078446     437.014954       0.003247     437.028534       0.000140
           6.09     441.614868       0.043837     441.414032       0.001660     441.421051       0.000070
           6.10     445.857758       0.000009     445.857727       0.000002     445.857727       0.000002
           6.11     450.546875       0.046234     450.346069       0.001644     450.338348       0.000070
           6.12     455.236023       0.081646     454.879028       0.003163     454.864014       0.000138
           6.13     459.925171       0.106449     459.456604       0.004461     459.435272       0.000182
           6.14     464.614258       0.120835     464.078796       0.005447     464.052551       0.000208
           6.15     469.303436       0.125044     468.745605       0.006032     468.716309       0.000219
           6.16     473.992554       0.119244     473.400787       0.005752     473.427032       0.000209
           6.17     478.681702       0.103652     478.163879       0.004637     478.185242       0.000169
           6.18     483.370819       0.078452     482.976318       0.003226     482.991333       0.000117
           6.19     488.059937       0.043843     487.838043       0.001641     487.845764       0.000059
           6.20     492.749115       0.000027     492.749084       0.000020     492.749084       0.000020
           6.21     497.931335       0.046241     497.709442       0.001657     497.700867       0.000066
           6.22     503.113617       0.081647     502.719116       0.003171     502.702515       0.000131
           6.23     508.295898       0.106444     507.778076       0.004461     507.754486       0.000185
           6.24     513.478149       0.120832     512.886414       0.005452     512.857300       0.000224
           6.25     518.660461       0.125035     518.044006       0.006031     518.011536       0.000237
           6.26     523.842651       0.119218     523.188599       0.005787     523.217712       0.000223
           6.27     529.024963       0.103627     528.452637       0.004670     528.476257       0.000200
           6.28     534.207214       0.078423     533.771179       0.003264     533.787781       0.000154
           6.29     539.389465       0.043809     539.144165       0.001688     539.152771       0.000092
           6.30     544.571716       0.000024     544.571716       0.000024     544.571716       0.000024
           6.31     550.299072       0.046212     550.053772       0.001616     550.044312       0.000104
           6.32     556.026367       0.081617     555.590332       0.003133     555.571960       0.000174
           6.33     561.753662       0.106412     561.181396       0.004432     561.155334       0.000213
           6.34     567.481018       0.120815     566.826965       0.005420     566.794861       0.000244
           6.35     573.208313       0.125010     572.526978       0.005998     572.491211       0.000250
           6.36     578.935608       0.119209     578.212769       0.005797     578.244873       0.000245
           6.37     584.662964       0.103621     584.030457       0.004675     584.056580       0.000202
           6.38     590.390259       0.078420     589.908386       0.003263     589.926697       0.000159
           6.39     596.117615       0.043820     595.846497       0.001680     595.856018       0.000082
           6.40     601.844910       0.000009     601.844910       0.000009     601.844910       0.000009
           6.41     608.174561       0.046217     607.903503       0.001628     607.893066       0.000089
           6.42     614.504211       0.081624     614.022400       0.003153     614.002075       0.000157
           6.43     620.833923       0.106430     620.201416       0.004441     620.172607       0.000204
           6.44     627.163574       0.120824     626.440735       0.005430     626.405273       0.000232
           6.45     633.493225       0.125021     632.740295       0.006019     632.700745       0.000233
           6.46     639.822937       0.119231     639.024048       0.005779     639.059570       0.000220
           6.47     646.152588       0.103634     645.453552       0.004663     645.482422       0.000190
           6.48     652.482239       0.078435     651.949707       0.003245     651.969971       0.000137
           6.49     658.811890       0.043826     658.512329       0.001663     658.522766       0.000078
           6.50     665.141541       0.000002     665.141602       0.000008     665.141602       0.000008
           6.51     672.136902       0.046227     671.837402       0.001647     671.825867       0.000070
           6.52     679.132263       0.081636     678.599731       0.003158     678.577332       0.000143
           6.53     686.127686       0.106443     685.428650       0.004453     685.396851       0.000186
           6.54     693.123047       0.120839     692.324219       0.005450     692.284973       0.000219
           6.55     700.118408       0.125038     699.286255       0.006030     699.242493       0.000228
           6.56     707.113708       0.119232     706.230896       0.005764     706.270081       0.000216
           6.57     714.109131       0.103646     713.336609       0.004646     713.368469       0.000180
           6.58     721.104492       0.078449     720.515869       0.003243     720.538330       0.000126
           6.59     728.099854       0.043842     727.768799       0.001646     727.780334       0.000061
           6.60     735.095215       0.000016     735.095154       0.000008     735.095154       0.000008
           6.61     742.826294       0.046246     742.495239       0.001658     742.482422       0.000068
           6.62     750.557312       0.081647     749.968750       0.003167     749.944031       0.000130
           6.63     758.288391       0.106447     757.515930       0.004469     757.480713       0.000180
           6.64     766.019470       0.120844     765.136597       0.005450     765.093323       0.000206
           6.65     773.750549       0.125044     772.830872       0.006036     772.782532       0.000219
           6.66     781.481628       0.119248     780.505981       0.005747     780.549255       0.000203
           6.67     789.212646       0.103646     788.358948       0.004637     788.394165       0.000170
           6.68     796.943726       0.078450     796.293335       0.003224     796.318054       0.000120
           6.69     804.674805       0.043845     804.308899       0.001647     804.321716       0.000054
           6.70     812.405884       0.000020     812.405884       0.000020     812.405884       0.000020
           6.71     820.949951       0.046238     820.584106       0.001654     820.570007       0.000064
           6.72     829.494080       0.081643     828.843628       0.003164     828.816284       0.000135
           6.73     838.038208       0.106439     837.184570       0.004469     837.145569       0.000190
           6.74     846.582336       0.120832     845.606689       0.005448     845.558777       0.000219
           6.75     855.126465       0.125028     854.110168       0.006032     854.056641       0.000236
           6.76     863.670593       0.119228     862.592163       0.005787     862.640137       0.000226
           6.77     872.214661       0.103623     871.271118       0.004667     871.310059       0.000198
           6.78     880.758789       0.078423     880.039856       0.003267     880.067261       0.000153
           6.79     889.302917       0.043814     888.898499       0.001682     888.912598       0.000096
           6.80     897.846985       0.000021     897.846985       0.000021     897.846985       0.000021
           6.81     907.289734       0.046208     906.885376       0.001620     924.949829       1.993574
           6.82     916.732483       0.081616     916.013611       0.003135     951.048279       3.827944
           6.83     926.175232       0.106415     925.231689       0.004431     975.046936       5.388753
           6.84     935.617981       0.120811     934.539612       0.005415     995.850952       6.566363
           6.85     945.060730       0.125010     943.937439       0.006002    1012.365356       7.255638
           6.86     954.503479       0.119213     953.425110       0.006101    1023.495483       7.355881
           6.87     963.946228       0.103618     963.002625       0.005627    1028.146362       6.770656
           6.88     973.389038       0.078427     972.670105       0.004511    1025.223267       5.407734
           6.89     982.831787       0.043821     982.427368       0.002655    1013.631165       3.178933
           6.90     992.274536       0.000005     992.274475       0.000011     992.275330       0.000075
           6.91     893.123596      10.887885     941.994141       6.011788     907.709961       9.432519
           6.92     793.970215      21.569235     880.853516      12.986641     814.361145      19.554957
           6.93     694.816895      32.046838     808.853821      20.894016     714.307861      30.140620
           6.94     595.663452      42.323711     725.995178      29.704085     609.627502      40.971615
           6.95     496.510101      52.402790     632.277466      39.387651     502.397888      51.838366
           6.96     397.356720      62.287005     527.700745      49.916096     394.696533      62.539482
           6.97     298.203369      71.979230     412.264984      61.261396     288.601105      72.881510
           6.98     199.049988      81.482313     285.970154      73.396101     186.189240      82.678753
           6.99      99.896606      90.799056     148.816360      86.293319      89.538528      91.753084
           7.00       0.743232      99.932226       0.803507      99.926730       0.726626      99.933740
           7.01       0.666513      99.939827       0.705634      99.936295     -27.558914     102.488043
           7.02       0.699904      99.937441       0.769492      99.931221     -46.861420     104.188594
           7.03       0.733295      99.935108       0.824649      99.927024     -58.230335     105.152988
           7.04       0.766686      99.932829       0.871104      99.923680     -62.658291     105.489660
           7.05       0.800077      99.930601       0.908856      99.921165     -61.137932     105.303160
           7.06       0.833468      99.928424       0.937906      99.919455     -54.661877     104.694243
           7.07       0.866859      99.926297       0.958255      99.918526     -44.222778     103.759968
           7.08       0.900251      99.924219       0.969901      99.918356     -30.813255     102.593777
           7.09       0.933642      99.922191       0.972845      99.918923     -15.425950     101.285595
           7.10       0.967033      99.920210       0.967087      99.920205       0.946508      99.921903
           7.11       0.913511      99.925376       0.952627      99.922180       0.931604      99.923898
           7.12       0.859880      99.930456       0.929465      99.924828       0.888666      99.928128
           7.13       0.806250      99.935442       0.897601      99.928127       0.839576      99.932773
           7.14       0.752619      99.940336       0.857035      99.932058       0.785610      99.937721
           7.15       0.698988      99.945139       0.807766      99.936601       0.728042      99.942859
           7.16       0.645358      99.949852       0.749796      99.941737       0.668149      99.948081
           7.17       0.591727      99.954477       0.683123      99.947446       0.607207      99.953286
           7.18       0.538097      99.959015       0.607749      99.953710       0.546490      99.958376
           7.19       0.484466      99.963467       0.523672      99.960510       0.487275      99.963255
           7.20       0.430836      99.967834       0.430894      99.967830       0.430837      99.967834
           7.21       0.417698      99.969126       0.399474      99.970473       0.392720      99.970972
           7.22       0.404615      99.970390       0.372193      99.972763       0.359086      99.973722
           7.23       0.391531      99.971633       0.348967      99.974717       0.330325      99.976067
           7.24       0.378448      99.972853       0.329796      99.976343       0.306849      99.977989
           7.25       0.365365      99.974053       0.314680      99.977652       0.289066      99.979471
           7.26       0.352281      99.975231       0.303618      99.978652       0.277386      99.980497
           7.27       0.339198      99.976388       0.296610      99.979353       0.272219      99.981051
           7.28       0.326114      99.977525       0.293658      99.979762       0.273975      99.981118
           7.29       0.313031      99.978641       0.294760      99.979888       0.283064      99.980686
           7.30       0.299947      99.979737       0.299917      99.979739       0.299896      99.979741
           7.31       0.368273      99.975369       0.441367      99.970481       0.371863      99.975129
           7.32       0.436723      99.971082       0.566769      99.962471       0.449618      99.970228
           7.33       0.505172      99.966882       0.675905      99.955689       0.530645      99.965212
           7.34       0.573621      99.962769       0.768777      99.950102       0.612504      99.960245
           7.35       0.642071      99.958741       0.845384      99.945676       0.692753      99.955484
           7.36       0.710520      99.954797       0.905727      99.942378       0.768950      99.951080
           7.37       0.778969      99.950935       0.949805      99.940175       0.838653      99.947176
           7.38       0.847419      99.947155       0.977618      99.939036       0.899421      99.943912
           7.39       0.915868      99.943455       0.989167      99.938929       0.948812      99.941421
           7.40       0.984317      99.939833       0.984451      99.939825       0.984384      99.939829
           7.41       0.890385      99.946116       0.963471      99.941694       0.918630      99.944407
           7.42       0.796185      99.952297       0.926225      99.944505       0.839188      99.949720
           7.43       0.701985      99.958359       0.872715      99.948232       0.748920      99.955575
           7.44       0.607786      99.964306       0.802941      99.952844       0.650548      99.961794
           7.45       0.513586      99.970138       0.716901      99.958316       0.546795      99.968207
           7.46       0.419386      99.975858       0.614597      99.964620       0.440382      99.974649
           7.47       0.325186      99.981467       0.496029      99.971730       0.334031      99.980963
           7.48       0.230986      99.986966       0.361196      99.979619       0.230464      99.986996
           7.49       0.136786      99.992359       0.210098      99.988263       0.132403      99.992603
           7.50       0.042587      99.997645       0.042735      99.997636       0.042569      99.997646
           7.51       0.057734      99.996839       0.057796      99.996835       0.026584      99.998544
           7.52       0.073082      99.996038       0.073193      99.996032       0.020574      99.998885
           7.53       0.088430      99.995254       0.088575      99.995246       0.023327      99.998748
           7.54       0.103778      99.994485       0.103944      99.994476       0.033746      99.998207
           7.55       0.119125      99.993733       0.119298      99.993724       0.050735      99.997331
           7.56       0.134473      99.992996       0.134639      99.992987       0.073196      99.996187
           7.57       0.149821      99.992274       0.149966      99.992266       0.100032      99.994841
           7.58       0.165169      99.991567       0.165280      99.991561       0.130148      99.993355
           7.59       0.180516      99.990875       0.180579      99.990872       0.162445      99.991789
           7.60       0.195864      99.990198       0.195864      99.990198       0.195828      99.990200
           7.61       0.211074      99.989542       0.211136      99.989539       0.209435      99.989623
           7.62       0.226283      99.988900       0.226394      99.988894       0.223092      99.989056
           7.63       0.241493      99.988272       0.241638      99.988265       0.236942      99.988493
           7.64       0.256702      99.987657       0.256868      99.987649       0.251087      99.987927
           7.65       0.271911      99.987056       0.272084      99.987048       0.265631      99.987355
           7.66       0.287121      99.986468       0.287287      99.986460       0.280677      99.986771
           7.67       0.302330      99.985893       0.302475      99.985886       0.296329      99.986173
           7.68       0.317539      99.985330       0.317650      99.985325       0.312689      99.985555
           7.69       0.332749      99.984781       0.332811      99.984778       0.329862      99.984913
           7.70       0.347958      99.984244       0.347958      99.984244       0.347950      99.984244
           7.71       0.373333      99.983263       0.399095      99.982108       0.379879      99.982969
           7.72       0.398731      99.982302       0.444583      99.980267       0.412181      99.981705
           7.73       0.424129      99.981362       0.484334      99.978716       0.444153      99.980482
           7.74       0.449527      99.980442       0.518350      99.977448       0.475118      99.979329
           7.75       0.474925      99.979543       0.546629      99.976454       0.504403      99.978273
           7.76       0.500323      99.978663       0.569173      99.975727       0.531330      99.977341
           7.77       0.525721      99.977803       0.585980      99.975259       0.555224      99.976558
           7.78       0.551119      99.976963       0.597051      99.975043       0.575411      99.975947
           7.79       0.576517      99.976141       0.602387      99.975070       0.591214      99.975532
           7.80       0.601915      99.975337       0.601986      99.975335       0.601958      99.975336
           7.81       0.570092      99.976874       0.595849      99.975829       0.570024      99.976876
           7.82       0.538128      99.978388       0.583976      99.976546       0.533828      99.978560
           7.83       0.506164      99.979874       0.566366      99.977480       0.495028      99.980316
           7.84       0.474200      99.981332       0.543021      99.978623       0.455196      99.982080
           7.85       0.442235      99.982764       0.513940      99.979969       0.415898      99.983790
           7.86       0.410271      99.984169       0.479122      99.981512       0.378705      99.985387
           7.87       0.378307      99.985547       0.438569      99.983245       0.345185      99.986813
           7.88       0.346343      99.986900       0.392279      99.985163       0.316907      99.988014
           7.89       0.314379      99.988227       0.340254      99.987259       0.295439      99.988937
           7.90       0.282414      99.989530       0.282492      99.989527       0.282351      99.989532
           7.91       0.349710      99.987164       0.402034      99.985243       0.340589      99.987499
           7.92       0.417274      99.984836       0.510423      99.981451       0.406792      99.985217
           7.93       0.484838      99.982556       0.607158      99.978155       0.478632      99.982779
           7.94       0.552402      99.980323       0.692237      99.975342       0.553949      99.980268
           7.95       0.619966      99.978136       0.765662      99.972998       0.630581      99.977762
           7.96       0.687530      99.975995       0.827431      99.971110       0.706368      99.975337
           7.97       0.755094      99.973898       0.877546      99.969665       0.779150      99.973066
           7.98       0.822658      99.971845       0.916005      99.968651       0.846765      99.971020
           7.99       0.890222      99.969836       0.942810      99.968054       0.907052      99.969266
           8.00       0.957786      99.967870       0.957959      99.967864       0.957852      99.967868
           8.01       0.909143      99.969805       0.961454      99.968068       0.926285      99.969236
           8.02       0.860153      99.971716       0.953293      99.968654       0.884982      99.970900
           8.03       0.811164      99.973593       0.933478      99.969611       0.836292      99.972775
           8.04       0.762174      99.975434       0.902007      99.970927       0.782353      99.974784
           8.05       0.713185      99.977242       0.858882      99.972593       0.725302      99.976855
           8.06       0.664195      99.979016       0.804101      99.974596       0.667278      99.978919
           8.07       0.615206      99.980757       0.737666      99.976927       0.610418      99.980907
           8.08       0.566216      99.982466       0.659575      99.979575       0.556859      99.982756
           8.09       0.517226      99.984142       0.569829      99.982530       0.508738      99.984403
           8.10       0.468237      99.985787       0.468429      99.985781       0.468194      99.985788
           8.11       0.516138      99.984489       0.541270      99.983734       0.497721      99.985043
           8.12       0.564360      99.983209       0.609114      99.981877       0.535644      99.984063
           8.13       0.612581      99.981955       0.671358      99.980224       0.580228      99.982908
           8.14       0.660803      99.980729       0.728001      99.978769       0.629941      99.981629
           8.15       0.709025      99.979528       0.779042      99.977506       0.683252      99.980272
           8.16       0.757246      99.978353       0.824483      99.976431       0.738628      99.978885
           8.17       0.805468      99.977204       0.864322      99.975538       0.794537      99.977513
           8.18       0.853689      99.976079       0.898561      99.974822       0.849447      99.976198
           8.19       0.901911      99.974980       0.927198      99.974278       0.901826      99.974982
           8.20       0.950133      99.973904       0.950234      99.973901       0.950142      99.973904
           8.21       0.942545      99.974370       0.975186      99.973483       0.970424      99.973612
           8.22       0.934753      99.974835       0.992891      99.973270       0.984857      99.973486
           8.23       0.926962      99.975293       1.003320      99.973258       0.993354      99.973524
           8.24       0.919171      99.975745       1.006472      99.973441       0.995747      99.973724
           8.25       0.911380      99.976189       1.002347      99.973813       0.991871      99.974087
           8.26       0.903589      99.976628       0.990945      99.974368       0.981555      99.974611
           8.27       0.895798      99.977060       0.972267      99.975102       0.964634      99.975297
           8.28       0.888007      99.977486       0.946312      99.976007       0.940940      99.976144
           8.29       0.880216      99.977905       0.913081      99.977080       0.910305      99.977150
           8.30       0.872425      99.978319       0.872572      99.978315       0.872561      99.978315
           8.31       0.792158      99.980509       0.824787      99.979707       0.788050      99.980611
           8.32       0.711597      99.982666       0.769725      99.981250       0.698326      99.982989
           8.33       0.631036      99.984781       0.707387      99.982940       0.605787      99.985390
           8.34       0.550474      99.986856       0.637772      99.984772       0.512668      99.987759
           8.35       0.469913      99.988891       0.560880      99.986741       0.421204      99.990043
           8.36       0.389352      99.990887       0.476711      99.988843       0.333630      99.992192
           8.37       0.308791      99.992845       0.385266      99.991073       0.252181      99.994157
           8.38       0.228230      99.994764       0.286544      99.993426       0.179092      99.995891
           8.39       0.147668      99.996646       0.180545      99.995899       0.116599      99.997352
           8.40       0.067107      99.998491       0.067269      99.998487       0.066937      99.998495
           8.41       0.136640      99.996958       0.173004      99.996148       0.107159      99.997614
           8.42       0.206846      99.995441       0.271642      99.994013       0.160488      99.996463
           8.43       0.277051      99.993954       0.362167      99.992097       0.224265      99.995106
           8.44       0.347257      99.992498       0.444580      99.990395       0.296172      99.993601
           8.45       0.417463      99.991070       0.518880      99.988901       0.373891      99.992002
           8.46       0.487668      99.989673       0.585068      99.987610       0.455103      99.990362
           8.47       0.557874      99.988303       0.643143      99.986516       0.537488      99.988731
           8.48       0.628080      99.986962       0.693106      99.985613       0.618729      99.987157
           8.49       0.698285      99.985649       0.734955      99.984896       0.696506      99.985686
           8.50       0.768491      99.984364       0.768693      99.984360       0.768500      99.984363
           8.51       0.757970      99.984731       0.794317      99.983999       0.775055      99.984387
           8.52       0.747046      99.985101       0.811830      99.983809       0.774374      99.984556
           8.53       0.736122      99.985465       0.821229      99.983784       0.767921      99.984837
           8.54       0.725197      99.985823       0.822516      99.983921       0.756869      99.985204
           8.55       0.714273      99.986176       0.815691      99.984213       0.742390      99.985631
           8.56       0.703349      99.986522       0.800752      99.984656       0.725658      99.986095
           8.57       0.692424      99.986864       0.777702      99.985246       0.707846      99.986571
           8.58       0.681500      99.987200       0.746538      99.985978       0.690127      99.987038
           8.59       0.670576      99.987530       0.707262      99.986848       0.673674      99.987473
           8.60       0.659651      99.987855       0.659874      99.987851       0.659659      99.987855
           8.61       0.684714      99.987519       0.725947      99.986768       0.689559      99.987431
           8.62       0.709975      99.987188       0.783487      99.985861       0.722027      99.986970
           8.63       0.735237      99.986864       0.831819      99.985138       0.755555      99.986501
           8.64       0.760498      99.986548       0.870944      99.984594       0.788861      99.986046
           8.65       0.785759      99.986239       0.900862      99.984223       0.820662      99.985628
           8.66       0.811020      99.985938       0.921573      99.984021       0.849677      99.985268
           8.67       0.836282      99.985644       0.933076      99.983983       0.874622      99.984986
           8.68       0.861543      99.985358       0.935372      99.984103       0.894214      99.984803
           8.69       0.886804      99.985079       0.928461      99.984378       0.907172      99.984736
           8.70       0.912066      99.984806       0.912342      99.984802       0.912214      99.984804
           8.71       0.845802      99.986050       0.887016      99.985371       0.848987      99.985998
           8.72       0.778985      99.987280       0.852483      99.986080       0.778497      99.987288
           8.73       0.712168      99.988487       0.808742      99.986926       0.703422      99.988628
           8.74       0.645351      99.989671       0.755794      99.987903       0.626081      99.989979
           8.75       0.578533      99.990832       0.693639      99.989009       0.548790      99.991304
           8.76       0.511716      99.991972       0.622276      99.990237       0.473869      99.992566
           8.77       0.444899      99.993090       0.541706      99.991586       0.403635      99.993731
           8.78       0.378082      99.994186       0.451929      99.993050       0.340408      99.994765
           8.79       0.311265      99.995261       0.352945      99.994626       0.286504      99.995638
           8.80       0.244448      99.996315       0.244753      99.996311       0.244242      99.996318
           8.81       0.316472      99.995277       0.388899      99.994196       0.303399      99.995472
           8.82       0.389420      99.994246       0.518622      99.992337       0.374123      99.994472
           8.83       0.462368      99.993237       0.632155      99.990753       0.452811      99.993376
           8.84       0.535316      99.992247       0.729499      99.989435       0.536446      99.992231
           8.85       0.608264      99.991279       0.810655      99.988377       0.622011      99.991081
           8.86       0.681212      99.990330       0.875621      99.987570       0.706491      99.989971
           8.87       0.754161      99.989401       0.924399      99.987008       0.786869      99.988941
           8.88       0.827109      99.988491       0.956987      99.986684       0.860129      99.988032
           8.89       0.900057      99.987601       0.973387      99.986591       0.923254      99.987281
           8.90       0.973005      99.986729       0.973597      99.986721       0.973229      99.986726
           8.91       0.885237      99.988046       0.957619      99.987069       0.913105      99.987670
           8.92       0.796282      99.989355       0.925451      99.987628       0.838789      99.988786
           8.93       0.707328      99.990638       0.877095      99.988391       0.753697      99.990024
           8.94       0.618374      99.991897       0.812549      99.989352       0.660548      99.991344
           8.95       0.529420      99.993131       0.731815      99.990506       0.562057      99.992708
           8.96       0.440466      99.994342       0.634891      99.991845       0.460941      99.994079
           8.97       0.351512      99.995530       0.521779      99.993365       0.359918      99.995423
           8.98       0.262558      99.996694       0.392477      99.995059       0.261704      99.996705
           8.99       0.173604      99.997836       0.246987      99.996921       0.169017      99.997893
           9.00       0.084650      99.998955       0.085307      99.998947       0.084572      99.998956
           9.01       0.104634      99.998722       0.121270      99.998518       0.079640      99.999027
           9.02       0.125510      99.998482       0.155210      99.998122       0.084799      99.998974
           9.03       0.146386      99.998247       0.185427      99.997779       0.098010      99.998826
           9.04       0.167262      99.998017       0.211920      99.997487       0.117805      99.998603
           9.05       0.188138      99.997791       0.234689      99.997245       0.142712      99.998325
           9.06       0.209013      99.997571       0.253735      99.997051       0.171260      99.998010
           9.07       0.229889      99.997355       0.269057      99.996904       0.201980      99.997676
           9.08       0.250765      99.997143       0.280656      99.996803       0.233401      99.997341
           9.09       0.271641      99.996936       0.288531      99.996746       0.264053      99.997022
           9.10       0.292517      99.996734       0.292683      99.996732       0.292464      99.996734
           9.11       0.276487      99.996943       0.293111      99.996760       0.286140      99.996837
           9.12       0.260124      99.997153       0.289816      99.996828       0.276232      99.996977
           9.13       0.243761      99.997358       0.282797      99.996935       0.263449      99.997145
           9.14       0.227398      99.997560       0.272055      99.997081       0.248218      99.997337
           9.15       0.211035      99.997758       0.257589      99.997264       0.230963      99.997547
           9.16       0.194672      99.997953       0.239399      99.997482       0.212112      99.997769
           9.17       0.178310      99.998144       0.217486      99.997736       0.192090      99.998000
           9.18       0.161947      99.998331       0.191849      99.998022       0.171325      99.998234
           9.19       0.145584      99.998514       0.162489      99.998342       0.150241      99.998467
           9.20       0.129221      99.998694       0.129406      99.998692       0.129265      99.998694
           9.21       0.118173      99.998818       0.115780      99.998842       0.108955      99.998910
           9.22       0.107178      99.998939       0.102903      99.998981       0.089599      99.999113
           9.23       0.096183      99.999057       0.090563      99.999112       0.071613      99.999298
           9.24       0.085189      99.999173       0.078759      99.999235       0.055416      99.999462
           9.25       0.074194      99.999287       0.067493      99.999351       0.041425      99.999602
           9.26       0.063199      99.999399       0.056764      99.999460       0.030059      99.999714
           9.27       0.052204      99.999508       0.046572      99.999561       0.021735      99.999795
           9.28       0.041210      99.999616       0.036916      99.999656       0.016873      99.999843
           9.29       0.030215      99.999721       0.027798      99.999743       0.015889      99.999853
           9.30       0.019220      99.999824       0.019217      99.999824       0.019202      99.999824
           9.31       0.055321      99.999499       0.056014      99.999493       0.042140      99.999619
           9.32       0.091472      99.999180       0.092706      99.999169       0.069326      99.999379
           9.33       0.127624      99.998868       0.129243      99.998853       0.100256      99.999111
           9.34       0.163776      99.998561       0.165626      99.998545       0.134443      99.998819
           9.35       0.199927      99.998261       0.201855      99.998245       0.171400      99.998509
           9.36       0.236079      99.997967       0.237930      99.997951       0.210639      99.998186
           9.37       0.272231      99.997679       0.273851      99.997666       0.251674      99.997855
           9.38       0.308383      99.997397       0.309617      99.997387       0.294016      99.997519
           9.39       0.344534      99.997121       0.345229      99.997115       0.337180      99.997183
           9.40       0.380686      99.996851       0.380687      99.996851       0.380677      99.996851
           9.41       0.415297      99.996599       0.428394      99.996491       0.420538      99.996556
           9.42       0.449907      99.996352       0.473205      99.996163       0.459965      99.996270
           9.43       0.484516      99.996110       0.515102      99.995865       0.498686      99.995997
           9.44       0.519126      99.995874       0.554086      99.995596       0.536426      99.995736
           9.45       0.553735      99.995643       0.590156      99.995356       0.572908      99.995492
           9.46       0.588345      99.995416       0.623312      99.995144       0.607856      99.995264
           9.47       0.622954      99.995195       0.653555      99.994959       0.640995      99.995056
           9.48       0.657564      99.994979       0.680884      99.994800       0.672049      99.994868
           9.49       0.692173      99.994767       0.705300      99.994668       0.700741      99.994702
           9.50       0.726783      99.994560       0.726803      99.994560       0.726796      99.994560
           9.51       0.732296      99.994573       0.745391      99.994476       0.744365      99.994484
           9.52       0.737769      99.994587       0.761066      99.994416       0.759075      99.994431
           9.53       0.743243      99.994601       0.773828      99.994379       0.770996      99.994400
           9.54       0.748716      99.994615       0.783676      99.994364       0.780190      99.994389
           9.55       0.754190      99.994630       0.790610      99.994371       0.786719      99.994398
           9.56       0.759663      99.994645       0.794631      99.994398       0.790646      99.994427
           9.57       0.765137      99.994660       0.795738      99.994446       0.792033      99.994472
           9.58       0.770610      99.994675       0.793932      99.994514       0.790942      99.994535
           9.59       0.776084      99.994691       0.789213      99.994601       0.787436      99.994613
           9.60       0.781558      99.994707       0.781579      99.994706       0.781576      99.994706
           9.61       0.764155      99.994876       0.774451      99.994807       0.765534      99.994867
           9.62       0.746719      99.995043       0.765036      99.994921       0.747730      99.995036
           9.63       0.729282      99.995207       0.753331      99.995049       0.728716      99.995210
           9.64       0.711845      99.995368       0.739334      99.995189       0.709035      99.995386
           9.65       0.694409      99.995526       0.723047      99.995342       0.689226      99.995560
           9.66       0.676972      99.995682       0.704468      99.995507       0.669831      99.995728
           9.67       0.659536      99.995835       0.683599      99.995683       0.651391      99.995886
           9.68       0.642099      99.995985       0.660439      99.995871       0.634448      99.996033
           9.69       0.624663      99.996133       0.634987      99.996069       0.619542      99.996165
           9.70       0.607226      99.996279       0.607245      99.996279       0.607216      99.996279
           9.71       0.620948      99.996232       0.643965      99.996093       0.620504      99.996235
           9.72       0.634721      99.996187       0.675673      99.995941       0.636127      99.996179
           9.73       0.648494      99.996143       0.702260      99.995823       0.653224      99.996115
           9.74       0.662266      99.996101       0.723725      99.995739       0.670970      99.996049
           9.75       0.676039      99.996059       0.740067      99.995686       0.688541      99.995986
           9.76       0.689812      99.996019       0.751288      99.995664       0.705113      99.995930
           9.77       0.703584      99.995980       0.757386      99.995672       0.719862      99.995887
           9.78       0.717357      99.995942       0.758363      99.995710       0.731963      99.995859
           9.79       0.731130      99.995905       0.754217      99.995776       0.740592      99.995852
           9.80       0.744902      99.995869       0.744950      99.995869       0.744924      99.995869
           9.81       0.707549      99.996116       0.730560      99.995989       0.714386      99.996078
           9.82       0.670100      99.996358       0.711049      99.996135       0.679650      99.996306
           9.83       0.632652      99.996596       0.686415      99.996306       0.641754      99.996547
           9.84       0.595203      99.996829       0.656659      99.996501       0.601680      99.996794
           9.85       0.557755      99.997058       0.621782      99.996720       0.560411      99.997044
           9.86       0.520306      99.997283       0.581782      99.996962       0.518928      99.997290
           9.87       0.482858      99.997503       0.536660      99.997225       0.478213      99.997528
           9.88       0.445409      99.997720       0.486417      99.997510       0.439249      99.997752
           9.89       0.407961      99.997932       0.431051      99.997815       0.403016      99.997958
           9.90       0.370513      99.998141       0.370563      99.998141       0.370498      99.998141
           9.91       0.379955      99.998113       0.358849      99.998217       0.342677      99.998298
           9.92       0.389490      99.998084       0.351931      99.998269       0.320534      99.998424
           9.93       0.399026      99.998057       0.349710      99.998297       0.305051      99.998515
           9.94       0.408561      99.998030       0.352189      99.998302       0.297210      99.998567
           9.95       0.418096      99.998005       0.359365      99.998285       0.297994      99.998578
           9.96       0.427632      99.997979       0.371240      99.998246       0.308384      99.998543
           9.97       0.437167      99.997955       0.387813      99.998186       0.329363      99.998459
           9.98       0.446703      99.997931       0.409084      99.998105       0.361912      99.998324
           9.99       0.456238      99.997908       0.435054      99.998005       0.407013      99.998134
          10.00       0.465774      99.997885       0.465722      99.997886       0.465649      99.997886
